1 2 3 4
2 1 3 8
3 4 13
4 4 7
5 4
6 0 5 15
7 4 13
8 1 3
9 0
10 0 1 15
11 4 7 13
12 4 10
13 2 3
14 7
15 0 1 13
16 7 15
17 7 13
18 15
19 4
20 0
21 0 4 7
22 5 7 15
23 15
24 7 14
25 7 13
26 7
27 7
28 13
29 1 14
30 7
31 7
32 7 14
33 3 4 7
34 7 13
35 7
36 6
37 4
38 4 13
39 7
40 7 16
41 0 5 7
42 7
43 0 1
44 4 7
45 7 13
46 5 15
47 2 3 11 13
48 7 13
49 5 15
50 4
51 7
52 3 4
53 7
54 7
55 7 13
56 1 3 8
57 7 15
58 7
59 4
60 4 13
61 4
62 14 15
63 4 13
64 4
65 0 4 5 10 15
66 0
67 4 7
68 7 11
69 7 13
70 14 15
71 6
72 7
73 7 15
74 7
75 5 7 13
76 7
77 7
78 4 7
79 7 13
80 1 7
81 3 4
82 4
83 0 15
84 7 15
85 4 13
86 7
87 0 15
88 4
89 7
90 6
91 7 15
92 4
93 4
94 15
95 4
96 7 13
97 4 7
98 1 3 4 11
99 0 7 16
100 7 15
101 0 1 5
102 7 12
103 6
104 5
105 4 13
106 7
107 4 13
108 7 12 13
109 7
110 4
111 1 3 8
112 6
113 4 13
114 15
115 4
116 6
117 7 13
118 4
119 4
120 0
121 1 3
122 7
123 7
124 5 7 15
125 7
126 7 13 16
127 10
128 0 1 4 5
129 7
130 7 16
131 4
132 4 16
133 1 3
134 7
135 0 1 12 14
136 7 15 16
137 6
138 0 13 15
139 5 9 12 15
140 0 15
141 4 7
142 0 1 7 13
143 1 3 7
144 0 5 15
145 4
146 0 14 15
147 0 1 14
148 4
149 7
150 4
151 10
152 4
153 4
154 0 3
155 7 13
156 15
157 7
158 14 15
159 4
160 4
161 10
162 4
163 15
164 7
165 7
166 7
167 4 7 13
168 10 14
169 7
170 0 5 14
171 7 11
172 7
173 7 13
174 4
175 0
176 4 7
177 6
178 7 13
179 0 1
180 7
181 17
182 7
183 7
184 7
185 7 13
186 4
187 7 15
188 4 7
189 7
190 7 13
191 4
192 4 7 13
193 7 15
194 0
195 7 15
196 7 15
197 4
198 4 7
199 7
200 4
201 4 7
202 4 13
203 4 13
204 1 3
205 2 3 4 13
206 15
207 3 7
208 7 11
209 6
210 7 8 13 15
211 4
212 7 13
213 3 4
214 0
215 4 13
216 7 10
217 7
218 4
219 4 14
220 12 15
221 1 3 4 8 13
222 5 7 15
223 0 1 8 14
224 7
225 3 7
226 7
227 7 13
228 7 13 16 17
229 4
230 7
231 7
232 7 13
233 7
234 7
235 7 10
236 4
237 4 13
238 7
239 4
240 7
241 7 15
242 7
243 7
244 5 7
245 0 15
246 4 13
247 5 7
248 15
249 0 7 15
250 5 7 13 15
251 4 13
252 4 13
253 5 7
254 7
255 4
256 7
257 7
258 7 13
259 7 13
260 0 1 17
261 4 7
262 4
263 7
264 7
265 7
266 7
267 4
268 2 3
269 7
270 0
271 0 1 14
272 3 4 8
273 7
274 15
275 9 15
276 7
277 4 7
278 4
279 4
280 7
281 0 4 11 14
282 10
283 0 1 14
284 4 10
285 7
286 10 14
287 4
288 7
289 12 15
290 7 16
291 7
292 14 15
293 4 13
294 1 7
295 7
296 4 13
297 3
298 4
299 4 7
300 7 11
301 7
302 4
303 0 1 15
304 7 12 15
305 4 7 13
306 4
307 0 13 15
308 7
309 3 4
310 4 13 16
311 4 13
312 7
313 4 7 13
314 0 4
315 7 13
316 1 3 13
317 6
318 2 3 11
319 7
320 10
321 4 5 8
322 0 4 17
323 7
324 4
325 4 7
326 4 7
327 15
328 3 4
329 7
330 0 15
331 0 13 15
332 4 13
333 0 14
334 0 1 4 13
335 7
336 7 10
337 17
338 0
339 7
340 0 4
341 7
342 7 13 16
343 0 4 7
344 5 7
345 1 3
346 0
347 0
348 0 14
349 7
350 10 15
351 7
352 7
353 4
354 7
355 4
356 4
357 4 15
358 17
359 4 13
360 7
361 4
362 0 4
363 1 3
364 15
365 0 15
366 7
367 7 13
368 10 14 15
369 12 13 15
370 7
371 4
372 5 7
373 4 17
374 4
375 0 1 5
376 4 14
377 7 15
378 0 4
379 4 13
380 4
381 0 14
382 6
383 4 13
384 4
385 7 13
386 7
387 4
388 4 7
389 7 12 13
390 7
391 4
392 7 15
393 1 3 7
394 7
395 0 15
396 7 17
397 0
398 7 13
399 0 1
400 5 7 15
401 0 1 5 15
402 0 7 16
403 0 4 16
404 4
405 4 13
406 7 13
407 4 13
408 4 7
409 4 16
410 0 15
411 7
412 4 7
413 7
414 0
415 0 1 14
416 7 15
417 15
418 7
419 1 3
420 0 4
421 4
422 4 17
423 7
424 4
425 15
426 7
427 4 12
428 0 5 7
429 0 15
430 7
431 4 7 13
432 4 13
433 7 13
434 4 13
435 4
436 7
437 0 3
438 7
439 0 14
440 4
441 7
442 0 7
443 7
444 7 13
445 7
446 0 7
447 10 14
448 4 12 13
449 4
450 7
451 4 7 16
452 0 7 12
453 4
454 14 15
455 4
456 5 15
457 0 7
458 7
459 7
460 7
461 7 16
462 7
463 7
464 3 7
465 4 5 10
466 0
467 7 13
468 7
469 7
470 4 7
471 7
472 4 13
473 15
474 9 14
475 4
476 4 13 15
477 0
478 0 1 3 14
479 0 1 15
480 0
481 6
482 4 13
483 3 4 11
484 0 1 4
485 17
486 15
487 0 5 13
488 6
489 0 1 2 3 8
490 7
491 15
492 4 7
493 7
494 4
495 10
496 7
497 4 7
498 3 4
499 4 7
500 7
501 7
502 4 7
503 3 4
504 1 3
505 7
506 6
507 4 7
508 4
509 3 4
510 4 13 15
511 2 3 4 11
512 0 14 15
513 1 7 17
514 0 1 5 7
515 7 15
516 2 3 11
517 2 3 11
518 2 3
519 4 13
520 4
521 17
522 15
523 6
524 4
525 7 13
526 10
527 5 7 15
528 1 3
529 0 1 2 10 14
530 0 10 14
531 4
532 7 13
533 7
534 2 3
535 7
536 4
537 7
538 7 15
539 7 15
540 2 3 11
541 16
542 4
543 4 7
544 4
545 13
546 4
547 7 15
548 7
549 7 16
550 0 1 12
551 4 7
552 7
553 0 1 8
554 4
555 5 15
556 2 3 11
557 15
558 4
559 16
560 0
561 7
562 7
563 7
564 4 14
565 1 2 3 4 8
566 1 14
567 7 15
568 14
569 5
570 7
571 0 1 4 16
572 4 13
573 0 14 15
574 0
575 12 15
576 7 13
577 4
578 7
579 0 1
580 4
581 5 9 15
582 4 13
583 2 3
584 4
585 1 3
586 17
587 7
588 5
589 4 14
590 4
591 2
592 6
593 7 10
594 4
595 4
596 12 15
597 0 1 15
598 4 10
599 0 1 13 15
600 0 14
601 2 14
602 10 15
603 4
604 2 4 15
605 9
606 4
607 0 14 15
608 14 16
609 4
610 4 7
611 1 3
612 3 7
613 6
614 16
615 1
616 4 5
617 7 13
618 4 7
619 7
620 7
621 6
622 4 7
623 7
624 7 13
625 0 14 16
626 7
627 15
628 2 3 11
629 4
630 4
631 0 15
632 4 8 13 14
633 0 1 15
634 4 10
635 7 12
636 3 4
637 7 13
638 13
639 4 13
640 7
641 7
642 4 13
643 1 3
644 0 1
645 4
646 4
647 4
648 7
649 1 3
650 4 11
651 4
652 7
653 7 15
654 4
655 7
656 0 1 15
657 3 4
658 4 7 13
659 0 15
660 4
661 10
662 10
663 7
664 7
665 0 1 14 15
666 5 7
667 7
668 4 13
669 7
670 0 5 7
671 4
672 0 15
673 7
674 4
675 4 7
676 5 7 13 15
677 5
678 4
679 7
680 0
681 7
682 10
683 14 15
684 3 4
685 7 15
686 3 7 8
687 0
688 2 3
689 10 15
690 4 7 13
691 7
692 7
693 1 16
694 4 13
695 11 13
696 11 13
697 4 11
698 7 13
699 12 15
700 12 15
701 4
702 12 15
703 4 11 13
704 7 15
705 4 7
706 4 5
707 4 12 13 15
708 7 13 16
709 9 12
710 11 13
711 4 13
712 4 13
713 3 7
714 11
715 1 3 7 11
716 7 13 16
717 4
718 9
719 7
720 7 12 14 15
721 1 13
722 7
723 4
724 13 15
725 15
726 9 13 15
727 12 13 15
728 13
729 4 13 15
730 4
731 4 11
732 4 13
733 4 13
734 11
735 0 1
736 1
737 5 9 12
738 7 13
739 7
740 4 11 13
741 4 7 16
742 4
743 7
744 7
745 12
746 4
747 1 4
748 7
749 7
750 4
751 7 13
752 7
753 4 12
754 7
755 5 7
756 7
757 5 7
758 11
759 17
760 15
761 7
762 17
763 10 14
764 0 1 13 16
765 4 7
766 7
767 7
768 7 13
769 13 16
770 7
771 7
772 4 7
773 1 3
774 7 13
775 4 7
776 0 1 15
777 7 16
778 7
779 0 7 17
780 7 15
781 0 5
782 5
783 5
784 4
785 7 15
786 0 15
787 3 4
788 7
789 3 4 17
790 17
791 1 3 8
792 3 4
793 1 3 4
794 3 7
795 3 7
796 3 4 7
797 1 3
798 3 4
799 1 3
800 3 4 12
801 1 3 8 14
802 4
803 3 4
804 2 3 11
805 2 3
806 2 3 11
807 2 3
808 3 7
809 7
810 3 4 11
811 2 3 11
812 1 2 3 11
813 1 3 11
814 2 3 11
815 2 3
816 5
817 11
818 0 15
819 0 14 15
820 7
821 4
822 7 13
823 7
824 7 13
825 0 15
826 0 1
827 6 7
828 7
829 5 7
830 7
831 7
832 4 11 13
833 7
834 7 13
835 4 7
836 5 7
837 7
838 2 3 4
839 4 11 13
840 4 11 13
841 5 9
842 9 15
843 1 3 4 8
844 15
845 4 14
846 4 16
847 4
848 4
849 4 11
850 7
851 4 11
852 5 7
853 1 7
854 12 15
855 11
856 11 13
857 5 15
858 7 16
859 4
860 12 15
861 7 11
862 7 13 16
863 7
864 7
865 3 7 8 14
866 7
867 0 13
868 0 13
869 7
870 7
871 10
872 6
873 0 7
874 4
875 7
876 7
877 7
878 7
879 7
880 6
881 7
882 4
883 4 8
884 0 1 14 15
885 10
886 0 1 14 15
887 10
888 7
889 7
890 4
891 4
892 6
893 6
894 6
895 2 4
896 7
897 2 4 15
898 5 9 15
899 9
900 9
901 7
902 4
903 7
904 4
905 6
906 4
907 4 7 13
908 7
909 4 14
910 7
911 7
912 7 16
913 5 7 9
914 4
915 7 13 16
916 4 16
917 7
918 7
919 7
920 4 13
921 6
922 7
923 6
924 6
925 7
926 4
927 0 1 7 14 16
928 0 1 4 13
929 0 1
930 14
931 0 14 15 16
932 0 17
933 4
934 7
935 1 16
936 0 2 3 14 15 16
937 14
938 7
939 7 16
940 17
941 0 1 13 14 16
942 4 7 13
943 12 15
944 5 7
945 0 10 14 15
946 0 1 4 10 14
947 1 13
948 7 16
949 0 15
950 10 15
951 0 4 11
952 0 5 7
953 0 7 16
954 2 4
955 7 16
956 7
957 4 13
958 5 7 15
959 7
960 4 13
961 7
962 12 14
963 0 7 16
964 4 5
965 4
966 4 7
967 7
968 4
969 0 14 15
970 4 10
971 0 7 16
972 4 7
973 4 7 13
974 7
975 7
976 7 13
977 5 9 15
978 15
979 7 16
980 7
981 9 12 15
982 7 14
983 1
984 4 10
985 4 16
986 4
987 10
988 1 4 7
989 5 9 15
990 0 1 4 10
991 1 16
992 7 16
993 0 7 12 13 15
994 4 13
995 17
996 9 15
997 7
998 4 12 15
999 4 14
1000 7
1001 7 16
1002 4 7
1003 1 2 14 15
1004 0 1
1005 4 7
1006 0 7 13
1007 4 10
1008 4 7
1009 7
1010 4
1011 2 3 11
1012 17
1013 9 12
1014 4
1015 7 13
1016 0 1 7
1017 4 7 11
1018 6 16
1019 7 13
1020 0 1
1021 4
1022 7
1023 4 16
1024 7
1025 7 13
1026 4
1027 7 11 16
1028 7 16
1029 7
1030 14
1031 7
1032 1
1033 0 4 17
1034 7
1035 7 14
1036 4 13
1037 6
1038 7
1039 4
1040 0 10 14 15
1041 10
1042 10
1043 10
1044 10
1045 4 10
1046 10
1047 10 15
1048 10
1049 10 14
1050 10
1051 10
1052 10 13
1053 10
1054 10
1055 10
1056 15
1057 9 15
1058 10
1059 10
1060 10
1061 10
1062 10
1063 10
1064 7
1065 5 15
1066 4 13
1067 7
1068 10 15
1069 0 1 14
1070 7 13
1071 7 15
1072 1 3 4
1073 6
1074 7
1075 7
1076 7
1077 7
1078 3 4
1079 0 15
1080 0 1 14
1081 0 1 14
1082 0 1 14
1083 0 1 14
1084 0 1 14
1085 0 1 14
1086 0 1 4 5
1087 0 4 17
1088 0 4 17
1089 4 11 13
1090 4 11 13
1091 0 7
1092 0
1093 0 10
1094 0 10
1095 0 10
1096 4
1097 0 4 14 16
1098 4 7
1099 7 13
1100 4
1101 4 7
1102 5 7 14
1103 7
1104 13 16
1105 7
1106 7
1107 5 7
1108 2 4
1109 7
1110 10 15
1111 0 13 16
1112 4 13
1113 4 7
1114 7
1115 7
1116 7
1117 4
1118 5 7 13
1119 7 11
1120 7
1121 7
1122 6
1123 6
1124 12 15
1125 7
1126 4
1127 15
1128 7
1129 0
1130 0 4
1131 0
1132 7
1133 0 15
1134 4
1135 4
1136 4 13
1137 7
1138 4 16
1139 4
1140 5
1141 4
1142 16
1143 4 13
1144 4
1145 4
1146 4 13
1147 13
1148 12 15
1149 3 4 12
1150 4
1151 4 13
1152 12
1153 7
1154 5 7
1155 4 13
1156 5 15
1157 0 4 5 7
1158 3 4
1159 13
1160 4 7
1161 13
1162 0 13 15
1163 0 7 15
1164 4 7
1165 7 15
1166 12
1167 4
1168 7 11
1169 0 7 15 16
1170 2 3 11
1171 13
1172 7 13
1173 0
1174 7 13
1175 0 1 15
1176 4 5
1177 13
1178 4
1179 7
1180 7 16
1181 7
1182 7
1183 4
1184 4
1185 7 15
1186 4
1187 4
1188 0 15
1189 0 5 13
1190 0 1 3 8
1191 4
1192 0 14
1193 7
1194 7
1195 7
1196 7 13
1197 4
1198 4 13
1199 4 7 13
1200 0 1 14 15
1201 7
1202 4
1203 3 7
1204 7 13
1205 4 13
1206 1 3 7
1207 0 1 15
1208 7 13
1209 0 13 15
1210 0 1 5
1211 7
1212 4 13
1213 4 15
1214 1 2 3 4 11
1215 4 13
1216 14
1217 4 13
1218 7
1219 0 14 15
1220 7
1221 0 1 4 14
1222 4
1223 1 3
1224 3 8
1225 7 14
1226 4
1227 0 7 16
1228 0 1
1229 3 4
1230 5 7 12
1231 0 12 14 15
1232 0 1 14 15
1233 3 4
1234 4 13
1235 7
1236 7
1237 0 12 13 15
1238 5 7 15
1239 0
1240 7 13
1241 5 7 9
1242 14 15
1243 0 4
1244 1 13
1245 0 1
1246 0 15
1247 7
1248 0 15
1249 7
1250 4
1251 7
1252 4
1253 1 15
1254 0 15 16
1255 5 9 12 15
1256 7 16
1257 5 7 15
1258 7
1259 10
1260 7
1261 12 15
1262 0 7 15
1263 0 5 12
1264 4 13
1265 15
1266 7
1267 7
1268 7 13
1269 4
1270 4
1271 4 7
1272 7 13
1273 10 12 15
1274 5 10 12 15
1275 4
1276 5 15
1277 4 7 15
1278 6
1279 7
1280 7
1281 7 14 15
1282 3 7 8
1283 10
1284 13
1285 6
1286 13 15
1287 7
1288 15
1289 5
1290 4
1291 4
1292 13
1293 0 7
1294 7
1295 13
1296 7 16
1297 5
1298 7
1299 7
1300 7 13 15
1301 0 1 14 16
1302 4
1303 7
1304 7 13
1305 0 1
1306 7
1307 7 13 15
1308 13
1309 5 15
1310 0 15
1311 2 3 11
1312 4 12
1313 0 10 14
1314 10 14
1315 7
1316 7
1317 7
1318 7 16
1319 7
1320 4 7
1321 3 4 8
1322 4
1323 7
1324 3 4
1325 4 5 7 12
1326 3 4
1327 15
1328 10 15
1329 7
1330 7 13
1331 0 13 15
1332 7
1333 7
1334 7
1335 7
1336 5 7
1337 7
1338 4
1339 4 5 12 15
1340 7 13
1341 4 7
1342 7 13
1343 6
1344 0 1 15
1345 4
1346 4 7
1347 9 14 15
1348 13
1349 1 3 8 14
1350 0 15
1351 4
1352 0 12 15
1353 13
1354 10
1355 7
1356 7
1357 4 11
1358 0 10 14
1359 7 13
1360 0 15
1361 13 15
1362 10
1363 0 4 11
1364 4 13
1365 1 14 15
1366 6
1367 9 12 15
1368 4 7
1369 0 5
1370 0 7
1371 5 7
1372 0 15
1373 4 7
1374 6
1375 15
1376 5 7
1377 0 7 13
1378 5 7
1379 5 7 12 15
1380 1 3 4
1381 7
1382 4 5 7
1383 7
1384 7
1385 3 4 7
1386 7
1387 4 7
1388 4 13
1389 4 15
1390 0 7
1391 4 6
1392 7 13
1393 0 14 15
1394 0 7 15
1395 7 15
1396 13
1397 7
1398 4
1399 4
1400 7
1401 7 15
1402 7
1403 4 15
1404 7
1405 1 3 4 8
1406 4 13
1407 4
1408 6 11
1409 4
1410 0 4
1411 7
1412 7
1413 10 14
1414 4
1415 6
1416 0 4
1417 0 1
1418 0 15
1419 4 7
1420 7
1421 4 13
1422 4
1423 0 7 14 15
1424 7
1425 7
1426 1 2 3 8
1427 0 14
1428 4
1429 4 7
1430 4 7
1431 1 4
1432 4 7 13
1433 15
1434 12 15
1435 7
1436 1 4 13
1437 4 7 13
1438 4
1439 7 13
1440 7 16
1441 1 7
1442 7
1443 7 13
1444 4 7
1445 4 13
1446 2 3
1447 12 14 15
1448 0 4 5
1449 4
1450 0 5 13
1451 7 12
1452 4 7
1453 0 4 7
1454 0 1 14 15
1455 0 4 5 7
1456 3 4
1457 2 3 8 16
1458 14 15
1459 7
1460 4
1461 10 14
1462 7 13 16
1463 11
1464 16
1465 17
1466 7
1467 1
1468 11
1469 7
1470 4
1471 7
1472 7 16
1473 4
1474 7
1475 7 16
1476 7
1477 7
1478 7
1479 7
1480 7 13 16
1481 5 7
1482 7 13
1483 11 13
1484 4
1485 7
1486 7 12
1487 11
1488 7
1489 0 5 7 15
1490 0 7
1491 7
1492 7
1493 7
1494 4 7
1495 7 13
1496 7 16
1497 7
1498 7
1499 4
1500 7 12
1501 4 14
1502 4
1503 1 3 8
1504 4 7
1505 10
1506 10
1507 10
1508 10
1509 10
1510 10
1511 10
1512 10
1513 10
1514 10
1515 10
1516 10
1517 10
1518 10
1519 10
1520 10
1521 10
1522 10
1523 10
1524 10
1525 10
1526 10
1527 10
1528 10 15
1529 10 15
1530 10 15
1531 10
1532 10
1533 10
1534 0 4 5 7
1535 0 4 5 7
1536 0 4 5 7
1537 4 10
1538 4 10
1539 1 3 8
1540 0 1 13
1541 4
1542 14 15
1543 14
1544 4 14
1545 4 14 17
1546 0 1
1547 3 4
1548 3 4 8
1549 3 4 17
1550 3 8 11
1551 2 3
1552 0 7
1553 7 13
1554 8 14
1555 7
1556 0 5 7
1557 7 12
1558 7 13
1559 10 15
1560 4 5
1561 0 7 16
1562 4 13
1563 3 4
1564 3 4
1565 2 3
1566 14
1567 3 4
1568 3 4
1569 1 3 4
1570 3 4 14
1571 3 4
1572 0 1 3 4
1573 3 4
1574 1 3 8
1575 4
1576 1 3 7 13
1577 1 3 14
1578 3
1579 2 3
1580 4 11
1581 1 3 4
1582 1 3 4
1583 3 4
1584 3 4 14
1585 1 3 4 8 14
1586 4 17
1587 1 3
1588 1 3
1589 0 15
1590 3 7
1591 4
1592 7 13
1593 4 6
1594 4 7 13
1595 9
1596 7 13 16
1597 7
1598 7
1599 7
1600 7
1601 4
1602 4
1603 7
1604 7 16
1605 7 12
1606 1 3
1607 2 3 4 11
1608 3 7
1609 2 3 4 11 13
1610 2 3 4 11 13
1611 3 4
1612 3 11
1613 3 11
1614 2 3
1615 7 8
1616 2 3 8 11
1617 1 4 11
1618 2 3
1619 2 3
1620 3 14
1621 2 3 11
1622 1 3 8 14
1623 0 1 14
1624 3 4
1625 2 3 11
1626 3 10
1627 3 4
1628 1 2 3 11
1629 4 8 13
1630 1 7
1631 2 3 4 11
1632 1 3
1633 7
1634 0 1 8 14
1635 7 16
1636 10 15
1637 4 13
1638 4
1639 4 5 15
1640 4
1641 5 7
1642 10 15
1643 7
1644 0 1
1645 1 2 3 14
1646 7 14
1647 10 15
1648 10
1649 7 10
1650 10 15
1651 10 15
1652 2 3
1653 4
1654 7 13
1655 0 5 12 15
1656 4
1657 6
1658 5 7 13
1659 7
1660 7
1661 1 4
1662 4
1663 1 11
1664 4
1665 2 3
1666 2 3 7 8
1667 2 3
1668 3 8 14
1669 2 3 4
1670 2 3 4
1671 1 8 13
1672 4
1673 4 7 13
1674 7 13
1675 7
1676 4 10
1677 4 10
1678 4
1679 4
1680 3 4
1681 0 1
1682 7 13
1683 4
1684 4 7
1685 13
1686 5 10
1687 5 10
1688 10 15
1689 1 3 8
1690 1 3 8
1691 4 10
1692 7
1693 7 13
1694 0 1 10
1695 7 13
1696 4
1697 0 4
1698 4 7 13
1699 1 8 14
1700 4 8
1701 7 13
1702 15
1703 4 15
1704 15
1705 15
1706 15
1707 15
1708 7 9 15
1709 15
1710 12 15
1711 15
1712 9 15
1713 12 15
1714 7
1715 2
1716 7
1717 0 1 8
1718 0 5 7
1719 4
1720 7
1721 7
1722 7 15 16
1723 9 15
1724 15
1725 4
1726 12 15
1727 4 12 13 15
1728 15
1729 15
1730 15
1731 4 13
1732 12 15
1733 15
1734 15
1735 5 7
1736 14 15
1737 7
1738 7
1739 4 7
1740 4 7
1741 7
1742 4
1743 4 7 13
1744 4 7
1745 4
1746 4 7 13
1747 4
1748 7
1749 4 7
1750 0 4 8
1751 4
1752 10 14
1753 4 13
1754 4 13
1755 0 5
1756 4
1757 4 7 13
1758 15
1759 7
1760 1 4
1761 4 13
1762 12 15
1763 5 7
1764 7
1765 7
1766 7
1767 0 15
1768 0 1 14
1769 7
1770 0 5 15
1771 10 15
1772 5
1773 5
1774 4 7
1775 7
1776 7
1777 7
1778 4
1779 14 15 16
1780 0 10 14 15
1781 4 7
1782 4 7
1783 7 13
1784 7
1785 2 3
1786 4
1787 4
1788 7 13
1789 4 11
1790 4
1791 4
1792 7 11
1793 7
1794 7
1795 4
1796 0 7
1797 7
1798 12 14
1799 7
1800 7
1801 7
1802 10 15
1803 7 13
1804 4
1805 7 15
1806 4
1807 0 1 14 15 16
1808 6
1809 4 7
1810 4
1811 10
1812 10
1813 7
1814 6
1815 4 13
1816 7
1817 0 15
1818 4
1819 7
1820 7
1821 10 12 15
1822 4 13
1823 13
1824 7
1825 4
1826 0 1 7 15
1827 7
1828 14 15
1829 0
1830 7
1831 4 15
1832 7
1833 4 7
1834 0 15
1835 2 3 4
1836 2 3 4
1837 4
1838 7
1839 4
1840 7
1841 4
1842 7
1843 0 14
1844 0 14
1845 0 14
1846 0 1 10
1847 0 1 10
1848 4 13
1849 0 1 7
1850 4
1851 4
1852 0 1
1853 4 7
1854 4
1855 0
1856 10 14
1857 4
1858 4
1859 4
1860 4
1861 4
1862 4
1863 3 4
1864 4 13
1865 7
1866 4 5
1867 7 13
1868 5 10 15
1869 4
1870 5 15
1871 4 7
1872 0 14
1873 2 11
1874 4
1875 4 13
1876 7
1877 7
1878 1 3 8
1879 3 7
1880 17
1881 0 16
1882 0
1883 0 16
1884 0 1 4 13
1885 0 1 4 13
1886 4 14
1887 4 14
1888 0 7
1889 0 7
1890 0 7
1891 0 7
1892 4 12
1893 0 1 12
1894 7 13
1895 4
1896 4 7
1897 4
1898 7 15
1899 7
1900 0 1 7
1901 0 1 7
1902 4
1903 4 13
1904 5
1905 4 7 13
1906 0 7 16
1907 10 14
1908 1 3 7
1909 1 3 7
1910 4 7
1911 7
1912 7
1913 7
1914 7
1915 4
1916 7
1917 7
1918 7
1919 7 17
1920 7
1921 7 13
1922 7
1923 15
1924 4 7
1925 10 14
1926 1 3 14
1927 10
1928 7 8
1929 10 14
1930 10 14
1931 10 14
1932 0 4
1933 4 5
1934 10
1935 10
1936 10
1937 10
1938 4
1939 7
1940 12
1941 0 4 13 15
1942 4 13
1943 1 4
1944 1 4
1945 4
1946 4
1947 7
1948 0 12 15
1949 0 16
1950 4 17
1951 7 13
1952 4 13
1953 4 10 15
1954 4 13
1955 7 10 15
1956 0 15
1957 4 13
1958 4
1959 7
1960 6
1961 2 14
1962 4 13
1963 13
1964 4 14
1965 4
1966 4
1967 7
1968 4 13
1969 7
1970 4 7
1971 15
1972 4 7 13
1973 4
1974 4
1975 5
1976 7
1977 10
1978 10
1979 10
1980 10
1981 4
1982 10
1983 7
1984 7
1985 7
1986 7 15
1987 0 7
1988 0 10 14
1989 14
1990 0 14 15 17
1991 0 1 14
1992 0 14
1993 0 14
1994 0 14
1995 0 14
1996 0 14
1997 0
1998 4
1999 0 5 7 15
2000 7
2001 4 5 15
2002 7
2003 10
2004 0 14
2005 10 15
2006 7 15
2007 4
2008 10 14 15
2009 10 14 15
2010 4
2011 4 13
2012 2 3
2013 7 10
2014 5 15
2015 7
2016 11
2017 2 3
2018 4
2019 0 5
2020 7 13
2021 7 13
2022 0 14 15
2023 4 13
2024 7
2025 4
2026 7
2027 4 7
2028 7
2029 5
2030 4 13
2031 0 4
2032 12
2033 7 13
2034 4 5 15
2035 4
2036 4 7 13
2037 7
2038 4
2039 7 13 14
2040 4 7
2041 4 13
2042 4
2043 4
2044 0 14 15
2045 5 15
2046 4 10
2047 7
2048 7
2049 7
2050 7
2051 7
2052 0 10 14
2053 1 14
2054 0 5
2055 0 1 10 15
2056 4
2057 7 13
2058 7 13
2059 4 8
2060 7
2061 0
2062 4 7 13
2063 6 7
2064 0 1 8 14
2065 4 13
2066 7
2067 7
2068 10 13
2069 10
2070 10
2071 10
2072 10
2073 7
2074 0 1 14
2075 0 1 14
2076 0 1 14
2077 0 1 14
2078 10
2079 10
2080 10
2081 10
2082 10
2083 10
2084 10
2085 10
2086 10
2087 10
2088 10
2089 10 14
2090 4 10 11 14
2091 4 6
2092 14
2093 14
2094 0 14 16
2095 14
2096 10 14
2097 14
2098 14
2099 14
2100 10 14
2101 16
2102 16
2103 4 13
2104 7 14 15
2105 7
2106 7
2107 4 7 13
2108 7 15
2109 6
2110 7
2111 4 13 14
2112 7
2113 4
2114 7 12
2115 2 3
2116 7 15
2117 6
2118 4
2119 7
2120 0 5 13
2121 6
2122 4
2123 4
2124 4 7 13
2125 0 4 14 15
2126 2 4
2127 0 14 17
2128 7
2129 7 13
2130 4
2131 15
2132 13
2133 3 4
2134 10
2135 7
2136 7
2137 10 15
2138 7
2139 4 10
2140 4 10
2141 4
2142 10 15
2143 0 1 3 4
2144 13
2145 0 14 15
2146 0 1 4
2147 4 13
2148 7
2149 5 9
2150 9
2151 7
2152 7
2153 7
2154 7
2155 7
2156 1 4
2157 7
2158 0 1 4
2159 4
2160 0
2161 4 7
2162 7
2163 0 15
2164 7
2165 7
2166 7
2167 4 10 11
2168 4 10
2169 0 1
2170 7 12
2171 4 7
2172 4
2173 4 12
2174 15
2175 7
2176 0
2177 7
2178 7
2179 4
2180 2 3
2181 15
2182 0 15
2183 5 7 15
2184 4 7
2185 4
2186 4
2187 5 12
2188 4
2189 7
2190 4
2191 7
2192 4 13
2193 7
2194 6
2195 4
2196 4 10
2197 10
2198 10
2199 10
2200 10
2201 4
2202 10
2203 4
2204 10
2205 10
2206 4
2207 4
2208 4 10
2209 4
2210 4
2211 4
2212 4 8
2213 4
2214 4
2215 2 3
2216 7 13
2217 0 13 15
2218 15
2219 4 7
2220 4 13
2221 4 15
2222 0 14
2223 4
2224 2 12
2225 0 15
2226 6
2227 0 16
2228 0 16
2229 0 16
2230 15
2231 7
2232 1 13
2233 6
2234 0 10 15
2235 14 15
2236 3 4
2237 4 7
2238 7
2239 13 16
2240 4 13
2241 0 15
2242 4
2243 4 13
2244 7
2245 15
2246 15
2247 5 7
2248 4 13
2249 7 12
2250 3
2251 7
2252 7
2253 4 7
2254 1 14 15
2255 7
2256 10
2257 15
2258 2 11
2259 4 7
2260 6
2261 4
2262 4 7
2263 7
2264 4 11
2265 4
2266 4
2267 7
2268 4 10
2269 10
2270 4
2271 1 15
2272 0 7 8 13
2273 4
2274 7 12 13
2275 2 3
2276 7 11
2277 0 1 4
2278 0 1 4
2279 0 15
2280 7
2281 4
2282 4 13
2283 7 13
2284 3 4
2285 4 13
2286 4
2287 7 16
2288 4
2289 0 7
2290 7 13
2291 17
2292 4 16
2293 10 12
2294 1 2 3
2295 10 14
2296 10 14
2297 10 15
2298 10 15
2299 7
2300 0 1
2301 7 13
2302 4
2303 7
2304 0 5 7
2305 4
2306 4
2307 0 1 14 15
2308 5 15
2309 4
2310 7 13
2311 7 13
2312 17
2313 17
2314 4
2315 0 4
2316 7
2317 4 7
2318 7 13
2319 7
2320 7
2321 7
2322 7
2323 7
2324 4 13
2325 4
2326 4
2327 7
2328 7 15
2329 9
2330 11 13 16
2331 7 13
2332 7 13
2333 0 16
2334 12
2335 4 11
2336 0
2337 0
2338 0
2339 1 7 13
2340 0 17
2341 5 15
2342 3 4
2343 0 5 15
2344 7
2345 4 7
2346 5 7
2347 7
2348 0
2349 7
2350 7 15
2351 1 8 14
2352 7 13
2353 1 7
2354 11
2355 7 16
2356 4
2357 7
2358 7 10
2359 4 7
2360 4 13
2361 7
2362 6
2363 15
2364 6
2365 0 5 14
2366 0 5 14
2367 1 2 9
2368 7
2369 0
2370 0
2371 0
2372 10 15
2373 0
2374 7
2375 10
2376 7
2377 4
2378 13
2379 0 1 2
2380 6
2381 4 13
2382 15
2383 7
2384 6
2385 15
2386 7
2387 7
2388 4 10
2389 4
2390 15
2391 10
2392 10
2393 10
2394 5 7
2395 0 7
2396 10
2397 4
2398 10 14
2399 17
2400 4
2401 0 7
2402 4 7 17
2403 4
2404 14
2405 4 14
2406 2 3
2407 4 7 16
2408 1
2409 4 7 17
2410 7
2411 4
2412 4
2413 12 13 15
2414 4 7
2415 4 13
2416 7
2417 4
2418 4 16
2419 7
2420 7
2421 4
2422 7 16
2423 2 3
2424 15
2425 4 7
2426 4 11
2427 0 7 16
2428 15
2429 15
2430 16
2431 4 7
2432 7
2433 7
2434 1 4 14
2435 7
2436 4
2437 7 13
2438 17
2439 15
2440 4
2441 6
2442 7
2443 7
2444 10 13
2445 0 15
2446 4 7
2447 4
2448 4
2449 4
2450 7
2451 7
2452 7 16
2453 7
2454 7 17
2455 7 13
2456 7
2457 4
2458 4 13
2459 7
2460 4 13
2461 7
2462 15
2463 15
2464 7 13
2465 0 1 4 5
2466 7
2467 7 13
2468 0 7
2469 4 7 13
2470 7
2471 7
2472 7
2473 7
2474 0 15
2475 2 3 4
2476 7
2477 7 13 16
2478 7
2479 4
2480 9
2481 7 13 17
2482 4 7
2483 7
2484 7
2485 7
2486 4 7
2487 4
2488 4
2489 4
2490 7 16
2491 7
2492 0 16
2493 7
2494 0 1
2495 4
2496 7
2497 6 11
2498 7 16
2499 4 13
2500 7
2501 4
2502 7 15
2503 7
2504 7
2505 7
2506 0 1 8
2507 7 13
2508 4 7 14
2509 3 4
2510 7
2511 2 3 11
2512 7
2513 7
2514 7
2515 0 7
2516 7
2517 1 7
2518 7
2519 7
2520 7
2521 4 7
2522 1 4 14
2523 7 12 15
2524 4
2525 7
2526 7
2527 7
2528 6
2529 7
2530 7
2531 7
2532 6
2533 4
2534 1 14
2535 7
2536 7
2537 7 16
2538 0
2539 7
2540 4 11 13
2541 4 7
2542 7
2543 15
2544 15
2545 13
2546 0 4
2547 4
2548 7
2549 2 3
2550 7
2551 7
2552 7
2553 15
2554 7
2555 7
2556 7
2557 7
2558 4 13
2559 15
2560 4
2561 15
2562 4
2563 4
2564 4
2565 4 13
2566 7
2567 7
2568 4 5
2569 4
2570 15
2571 7
2572 7 12
2573 7
2574 4
2575 4
2576 4 7
2577 0 15
2578 0 7 13 15
2579 4
2580 7 13
2581 7
2582 4 7 13
2583 7 12
2584 4
2585 4 10
2586 0 5
2587 0 4 5 7
2588 0 15
2589 0 4
2590 1 13 14
2591 7
2592 7
2593 5 7
2594 10 12 15
2595 0
2596 0 4
2597 4
2598 6
2599 4
2600 0
2601 4 13
2602 1 7
2603 4
2604 2 3
2605 7
2606 7
2607 7
2608 4 7
2609 0 14
2610 4 5
2611 4
2612 5 7
2613 4
2614 4 7 13
2615 4 7
2616 4
2617 0
2618 17
2619 0 15
2620 4 7
2621 15
2622 7
2623 4 13
2624 4
2625 4 7
2626 4 14
2627 6
2628 5 7
2629 7
2630 7
2631 7
2632 5 7 9 15
2633 6
2634 16
2635 10 14
2636 4
2637 7 16
2638 4 7 13
2639 10
2640 1 3
2641 7
2642 4
2643 7
2644 10
2645 14
2646 15
2647 7 13
2648 4 13
2649 7
2650 7
2651 4
2652 4 5 7
2653 4 7
2654 5 9
2655 17
2656 0 1 16
2657 16
2658 13 17
2659 7 15
2660 7
2661 0 16
2662 14
2663 7
2664 0
2665 4
2666 7 12
2667 4
2668 4
2669 0 1
2670 4
2671 4
2672 4 8
2673 4 13
2674 4
2675 3 4
2676 3 4
2677 3 4
2678 3 4
2679 2 3
2680 1 14
2681 7
2682 7 15
2683 0 7
2684 0 7
2685 0 1 16
2686 7
2687 7 15
2688 4 7
2689 1
2690 13
2691 7
2692 7
2693 1 4 14
2694 0 7
2695 4 5
2696 7 15
2697 4
2698 4 13
2699 7
2700 4 7
2701 7
2702 7 13
2703 5
2704 7
2705 2 4
2706 0 7
2707 0 7
2708 0 7
2709 0 7
2710 0 7
2711 5 9
2712 7 13
2713 0 3 8
2714 0 3 8
2715 0 3 8
2716 0 16
2717 0
2718 12 15
2719 4
2720 7
2721 4 7 16
2722 7
2723 4
2724 4 7
2725 0 13
2726 7 13
2727 4 13
2728 7
2729 7
2730 7 10
2731 1 7 15
2732 4
2733 14 15
2734 4 8
2735 7 17
2736 7
2737 7
2738 1 7
2739 7 14
2740 4
2741 14 15
2742 7 13
2743 10 12 15
2744 4 7
2745 7
2746 1 8 13
2747 7
2748 4
2749 2 3
2750 15
2751 14
2752 17
2753 1 8
2754 4
2755 1
2756 1 17
2757 4 7
2758 7
2759 4
2760 7
2761 10
2762 4 7
2763 4 13
2764 7
2765 7 14
2766 4 7
2767 15
2768 4 7
2769 4
2770 17
2771 7
2772 7 15
2773 4
2774 7 13
2775 7 15
2776 7
2777 4
2778 4 13
2779 7 15
2780 0 16
2781 4
2782 4 5 7
2783 4 13
2784 4
2785 4 7
2786 0 14 15
2787 7 13
2788 5 15
2789 4 7 13
2790 4
2791 4
2792 4 10 15
2793 4 13
2794 4 7
2795 4
2796 6
2797 13 15
2798 4 7
2799 4
2800 11 16
2801 7 15
2802 7
2803 4 7
2804 11
2805 10
2806 15
2807 4
2808 7 15
2809 7 13
2810 0 15
2811 4 7
2812 15
2813 7
2814 4 7
2815 4 7
2816 4 7
2817 4
2818 7
2819 4 7
2820 7
2821 7
2822 0 10 14
2823 7
2824 0 7
2825 7
2826 7
2827 0 7 13 15
2828 1 16
2829 7
2830 10
2831 5 7
2832 4
2833 4 7
2834 0 14
2835 7
2836 4
2837 4
2838 7
2839 4 11
2840 4 11
2841 11
2842 11
2843 7 11
2844 11
2845 4
2846 2 3 4
2847 1 11 13
2848 4
2849 4 13
2850 2 3
2851 4 13
2852 4
2853 4
2854 4
2855 4 7
2856 4
2857 0 15
2858 0
2859 6
2860 4
2861 10 15
2862 0 7 16
2863 4
2864 4
2865 0
2866 15
2867 0
2868 7
2869 0 13 14
2870 0
2871 4 7
2872 0 7 16
2873 17
2874 7
2875 4
2876 7
2877 6
2878 0 7 16
2879 7
2880 14
2881 14 15
2882 10 14 15
2883 10 14 15
2884 10 14 15
2885 10 14 15
2886 7 13
2887 4
2888 16
2889 4 17
2890 1 3
2891 1 3
2892 1 3
2893 11
2894 7 10
2895 6
2896 7
2897 6
2898 6
2899 17
2900 17
2901 7 9
2902 7 13
2903 4 7 13
2904 15
2905 4
2906 4
2907 4
2908 4
2909 4 10
2910 4 10
2911 4 10
2912 4 10
2913 4 10 14
2914 0 14 15
2915 0 1 14
2916 1 7 13 14
2917 7 14
2918 5 7 14
2919 0 14
2920 0 14
2921 0 14
2922 0 1 13 15
2923 9 12 15
2924 7
2925 10 15
2926 10
2927 0 4
2928 7
2929 4
2930 7
2931 7
2932 4
2933 0 5
2934 0 5
2935 6
2936 4 13
2937 7
2938 7
2939 7 16
2940 2 11
2941 0 15
2942 4 10
2943 15
2944 0 5
2945 7 12
2946 7 15
2947 10
2948 7
2949 7
2950 5 7
2951 7
2952 7 17
2953 7
2954 4 13
2955 0 4
2956 5 7
2957 7 16
2958 4 13
2959 0 5
2960 1 2 14
2961 7 16
2962 7
2963 7
2964 2 3 4
2965 4
2966 0 7 16
2967 2 3 4
2968 0 1 15
2969 7
2970 7 14 15
2971 2 3 11
2972 4
2973 5 7
2974 0 5 15
2975 0 5 15
2976 7 13
2977 0 16
2978 0 16
2979 0 16
2980 0
2981 1 5 14 15
2982 0 1
2983 4
2984 2 3 11
2985 2 3 11
2986 14
2987 0 5
2988 0 5
2989 5 7
2990 4
2991 4 10
2992 4
2993 4
2994 7 12
2995 7
2996 7
2997 7
2998 17
2999 0 14
3000 4 7
3001 7
3002 13 15
3003 15
3004 2 3
3005 7 12
3006 0 14
3007 7
3008 4
3009 0 1 7
3010 17
3011 0 1
3012 7 16
3013 4
3014 7 15
3015 7 16
3016 4
3017 7
3018 4
3019 7
3020 4 7
3021 4
3022 4
3023 7 13
3024 7
3025 7 13
3026 7
3027 10 14 15
3028 0 14
3029 4 10 15
3030 4
3031 10
3032 10 14
3033 1 7 13
3034 15
3035 0 4 16
3036 10
3037 10
3038 10
3039 10
3040 0 4
3041 10
3042 7
3043 7
3044 4
3045 10
3046 7 15
3047 15
3048 4
3049 4
3050 7
3051 7 13
3052 7 13
3053 15
3054 4
3055 6
3056 5
3057 4
3058 4
3059 14 15
3060 0 1 14
3061 4 6
3062 7
3063 4
3064 4
3065 7
3066 7 17
3067 7
3068 4 17
3069 4 13
3070 0 1 8
3071 14
3072 0
3073 6
3074 4
3075 4
3076 4 13
3077 7
3078 0 1 8
3079 4 15
3080 7
3081 5 15
3082 5 15
3083 4 7
3084 0 4
3085 4 7
3086 4 7
3087 7
3088 7
3089 5
3090 10
3091 4 13
3092 7 11
3093 4
3094 4 7
3095 6
3096 7
3097 7
3098 7
3099 10
3100 10
3101 10
3102 7 8
3103 4
3104 4
3105 10 14
3106 4
3107 4
3108 1 14
3109 1 14
3110 4 10
3111 4
3112 10
3113 10 14
3114 14
3115 10
3116 7 15
3117 14 15
3118 4
3119 0 7 15
3120 15
3121 4
3122 7
3123 7
3124 7
3125 7 15
