0 3
2 4
4 6
5 4
6 3
7 4
8 7
9 5
10 6
11 5
12 3
13 6
14 3
15 3
16 4
17 7
18 5
19 6
20 4
21 6
22 3
23 5
24 4
25 6
26 3
27 3
28 4
29 2
31 4
32 6
33 5
34 4
36 5
37 5
38 2
39 6
40 5
41 3
42 5
43 4
44 6
45 6
46 2
47 4
48 2
49 2
50 5
51 7
52 5
53 5
54 6
55 4
56 4
57 6
58 6
59 3
60 4
61 3
62 5
63 2
64 5
65 4
66 3
67 3
68 6
69 6
70 3
71 5
72 5
73 3
74 5
75 4
76 2
77 5
78 5
79 4
80 5
81 3
82 5
83 2
85 7
86 5
87 2
88 7
89 5
90 5
91 6
92 5
93 5
94 3
95 5
96 3
97 3
98 4
99 2
100 2
101 4
102 6
103 5
104 4
105 3
106 5
107 4
108 4
109 4
110 5
111 6
112 4
113 5
114 4
115 6
116 8
117 5
118 3
119 5
120 3
121 5
122 4
123 3
125 3
126 5
127 3
128 5
129 4
130 5
131 5
133 3
134 4
135 4
136 4
137 5
138 5
139 4
140 4
141 4
142 4
143 3
144 5
145 4
146 4
147 5
148 3
149 5
150 2
151 4
152 3
153 5
154 2
155 7
156 6
157 3
158 3
159 6
160 2
161 4
162 6
163 5
164 3
165 4
166 3
167 2
168 4
169 4
170 5
171 3
172 7
173 6
174 6
175 7
176 4
177 3
178 7
179 3
180 5
181 2
182 7
183 3
184 5
185 4
186 3
187 2
188 5
189 5
190 4
191 6
192 6
193 3
194 3
195 2
196 4
197 3
198 5
199 4
200 6
201 5
202 2
203 5
204 2
205 3
206 4
207 3
208 4
209 4
210 4
211 2
212 6
213 4
214 4
215 7
216 5
217 3
218 6
219 6
220 3
221 2
222 4
223 6
224 6
225 3
226 6
227 6
228 5
229 4
230 5
231 4
232 5
233 5
234 3
235 5
236 4
237 5
238 4
239 5
240 3
241 4
242 5
243 4
244 3
245 4
246 6
247 3
248 3
249 7
250 3
251 3
252 6
253 5
254 4
255 5
256 5
257 6
258 5
259 4
260 3
261 6
262 5
263 3
264 7
265 4
266 3
267 3
269 3
270 3
271 6
272 4
273 5
274 4
275 6
276 3
277 4
278 2
279 5
280 5
281 6
282 6
283 5
284 4
285 7
286 7
287 5
288 4
289 3
290 6
291 2
292 5
293 4
294 3
295 3
296 5
297 3
298 7
299 2
300 4
301 3
302 6
303 2
304 5
305 4
306 4
307 5
308 3
309 6
310 5
311 5
312 6
313 3
314 2
315 4
316 5
317 2
318 5
319 4
320 6
321 5
322 4
323 7
324 4
325 5
326 3
327 6
328 5
329 4
330 5
331 3
332 4
333 3
334 3
335 2
336 3
337 2
339 5
340 3
341 3
342 5
343 6
344 5
345 3
346 2
347 3
348 6
349 5
350 4
351 5
352 5
353 2
354 3
355 3
356 5
357 6
358 4
359 6
360 3
361 4
362 4
363 5
364 6
365 5
366 5
367 6
368 5
369 5
370 3
371 2
372 4
373 4
374 5
375 4
376 4
377 4
378 3
379 2
380 7
381 3
382 3
383 4
384 2
385 3
386 3
387 2
388 6
389 4
390 4
391 4
392 4
393 5
394 7
395 3
396 4
397 5
398 4
399 5
400 4
401 6
402 5
403 3
404 3
405 2
406 4
407 4
408 8
409 5
410 4
411 5
412 6
413 5
414 4
415 4
416 4
417 3
418 5
419 6
420 6
421 2
422 4
423 5
424 3
425 4
426 2
427 7
428 6
429 4
430 5
431 4
432 4
433 7
434 4
435 3
436 2
437 5
438 3
439 5
440 2
441 3
442 5
443 2
444 4
445 4
446 4
447 4
448 5
449 5
450 4
451 4
452 2
453 3
454 6
455 5
456 5
457 4
458 1
459 3
460 5
461 2
462 5
463 5
464 3
465 5
466 5
467 6
468 7
469 5
470 5
471 3
472 4
473 5
474 5
475 2
476 6
477 3
478 6
479 4
481 4
482 2
483 3
484 5
485 5
486 5
487 6
488 3
489 3
490 4
491 5
492 2
493 5
494 6
495 8
496 6
497 5
498 2
499 4
500 3
501 4
502 3
503 4
504 5
505 6
506 7
507 5
508 4
509 5
510 4
511 3
512 6
513 5
514 4
515 5
517 3
518 5
519 3
520 5
521 3
522 4
523 5
524 4
525 3
526 3
527 4
528 4
529 6
530 6
531 4
532 4
533 3
535 5
536 4
537 6
538 4
539 4
540 5
541 4
542 5
543 5
544 5
545 4
546 5
547 3
548 5
549 6
550 5
551 6
552 5
553 5
554 3
555 4
556 3
557 3
558 5
559 2
560 3
561 6
562 4
563 4
564 6
565 3
566 6
567 4
568 4
569 4
571 6
572 6
573 4
574 4
575 7
576 5
577 4
578 4
579 5
580 3
581 4
582 4
583 4
584 4
585 5
586 4
587 3
588 4
589 5
590 3
591 3
592 3
593 3
594 5
595 4
596 3
597 4
598 5
599 5
600 2
601 4
602 5
603 3
604 6
606 4
607 4
608 6
609 5
610 4
611 5
612 4
613 7
614 7
615 3
616 3
617 4
618 4
619 2
620 4
621 4
622 4
623 3
624 3
625 4
626 6
627 5
629 4
630 5
631 7
632 4
633 4
634 3
635 6
636 5
637 4
638 3
639 3
640 5
641 6
642 6
643 4
644 5
645 4
646 4
647 4
648 2
649 4
650 4
651 5
652 3
653 7
654 4
655 5
656 5
657 4
658 5
659 4
660 4
661 4
662 4
663 3
664 5
665 4
666 5
667 3
669 4
670 5
671 5
672 4
673 4
674 4
675 8
676 3
677 5
678 5
679 4
680 5
681 3
682 4
683 3
684 4
685 5
686 4
687 5
688 5
689 3
690 3
691 3
692 4
693 4
694 4
696 6
697 4
698 5
699 4
700 7
701 3
702 3
703 6
704 2
705 3
706 5
707 5
709 6
710 5
711 5
712 5
713 6
714 4
715 4
716 6
717 4
718 6
719 2
720 5
721 4
722 3
723 2
725 4
726 3
727 5
728 8
729 5
730 3
731 4
732 4
733 4
734 5
735 6
736 3
737 3
738 4
739 4
740 5
741 3
742 5
743 5
745 4
746 4
747 5
748 5
749 5
750 2
751 4
752 5
753 5
754 5
755 5
756 5
757 4
758 4
759 6
760 4
761 4
762 4
763 5
764 4
765 4
766 6
767 4
768 3
769 4
770 4
771 5
772 6
773 5
774 5
775 6
776 5
777 5
778 5
779 6
780 4
781 5
782 5
783 6
784 6
785 4
786 3
787 4
788 5
789 7
790 3
791 4
792 6
793 5
794 4
795 8
796 3
797 5
798 4
799 4
800 4
801 5
802 4
803 3
804 4
805 4
806 6
807 4
808 5
809 4
810 5
811 3
812 5
813 6
814 7
816 5
817 7
818 3
819 3
820 6
821 8
823 6
824 3
825 8
826 4
827 5
828 7
829 4
830 3
831 3
832 6
833 4
835 4
836 5
837 6
838 2
839 4
840 4
842 3
843 4
844 5
845 4
846 4
847 4
848 4
849 5
851 5
852 7
853 3
854 4
855 4
856 4
857 3
858 3
859 4
860 5
861 6
862 3
863 5
864 4
865 5
866 6
867 5
868 2
869 3
870 4
872 2
873 6
874 5
875 5
876 4
877 3
878 4
879 5
880 3
881 3
882 3
883 8
885 3
886 2
887 6
888 4
889 2
890 3
891 4
893 5
894 3
895 4
896 3
897 4
898 5
899 6
900 5
901 3
902 2
903 3
904 4
905 3
906 4
907 4
908 1
909 4
910 4
911 5
912 4
913 4
914 6
915 5
916 2
917 4
918 3
919 5
920 5
921 5
922 4
923 5
924 7
925 5
926 6
927 5
928 4
929 4
930 5
931 4
932 4
933 4
934 2
935 4
936 4
937 4
938 3
939 6
940 6
941 5
942 5
943 2
944 2
945 5
946 2
947 3
949 5
950 5
951 5
952 4
953 2
954 5
955 3
956 7
957 3
958 2
959 5
960 2
961 4
962 4
963 2
964 5
965 2
967 4
968 3
969 4
970 4
971 3
972 5
974 5
975 6
976 4
977 4
978 6
979 2
980 6
981 4
982 3
983 4
984 2
985 4
986 4
987 6
988 3
989 3
990 3
991 4
992 4
993 8
994 5
995 2
996 3
997 4
998 3
999 3
1000 2
1001 4
1002 4
1003 4
1004 6
1005 8
1006 2
1007 4
1008 3
1009 4
1010 5
1011 3
1012 5
1013 4
1014 3
1015 7
1016 4
1017 3
1018 5
1019 4
1020 4
1021 2
1022 6
1023 3
1024 2
1025 3
1026 5
1027 5
1028 5
1029 4
1030 2
1031 2
1032 5
1033 2
1034 5
1035 5
1036 4
1037 5
1038 3
1040 5
1041 5
1042 5
1043 4
1044 4
1045 5
1046 7
1047 4
1048 6
1049 2
1050 7
1051 3
1052 6
1053 2
1054 5
1055 3
1056 2
1057 2
1058 6
1059 3
1060 5
1061 4
1062 3
1063 4
1064 2
1065 5
1066 2
1067 5
1068 2
1069 6
1070 3
1071 3
1072 3
1073 5
1074 3
1075 5
1076 4
1077 4
1078 4
1079 7
1080 4
1081 2
1082 5
1083 4
1084 4
1085 5
1086 4
1087 2
1088 5
1089 5
1090 5
1091 5
1092 5
1093 6
1094 3
1095 8
1096 4
1097 7
1098 2
1099 6
1100 5
1101 4
1102 3
1103 2
1104 3
1106 6
1107 6
1109 3
1110 2
1111 7
1112 2
1113 6
1114 5
1115 5
1116 3
1117 3
1118 4
1119 6
1120 2
1121 4
1122 7
1123 6
1124 5
1125 2
1126 4
1127 6
1128 5
1129 4
1130 4
1131 3
1132 5
1133 3
1135 5
1136 5
1137 4
1138 3
1139 3
1140 5
1141 2
1142 6
1143 4
1144 2
1145 5
1146 3
1147 6
1148 3
1149 7
1150 5
1151 4
1152 5
1153 5
1154 3
1155 2
1156 5
1157 6
1158 4
1159 4
1160 3
1161 5
1162 4
1163 2
1164 4
1165 5
1167 4
1168 4
1169 5
1170 8
1171 2
1172 4
1173 4
1174 3
1175 3
1176 5
1177 5
1178 5
1179 4
1180 7
1181 4
1182 4
1184 3
1185 6
1186 4
1187 4
1188 3
1189 5
1190 7
1191 4
1192 5
1193 7
1194 5
1195 6
1196 2
1198 7
1199 6
1200 4
1201 2
1202 2
1203 3
1204 5
1205 3
1206 6
1207 6
1208 4
1209 5
1210 5
1211 6
1212 7
1213 6
1214 2
1216 4
1217 5
1218 7
1219 5
1220 3
1221 6
1222 5
1223 4
1224 2
1225 5
1226 2
1227 5
1228 6
1229 5
1230 5
1231 3
1232 2
1233 5
1234 4
1235 5
1236 3
1237 5
1238 4
1239 5
1240 2
1241 4
1242 3
1243 5
1244 6
1245 4
1246 3
1247 2
1248 4
1249 5
1250 4
1251 4
1252 5
1253 8
1254 4
1255 5
1257 3
1258 4
1259 2
1260 5
1261 6
1262 5
1263 4
1264 2
1266 2
1267 4
1268 4
1269 5
1270 3
1271 2
1272 3
1273 2
1274 3
1275 3
1276 2
1277 6
1278 3
1279 6
1280 4
1282 3
1283 3
1284 5
1285 7
1286 3
1287 2
1288 3
1289 4
1290 5
1292 6
1293 6
1295 5
1296 6
1297 8
1298 4
1299 4
1300 4
1301 5
1302 4
1303 4
1304 5
1305 2
1306 3
1307 4
1308 5
1309 7
1310 5
1311 3
1312 3
1313 4
1314 4
1315 4
1316 4
1317 6
1318 5
1319 7
1320 5
1321 3
1322 5
1323 6
1324 6
1325 3
1326 5
1327 3
1328 5
1329 7
1330 5
1331 3
1332 4
1333 4
1334 3
1335 4
1336 4
1338 4
1339 6
1340 4
1341 4
1342 5
1343 7
1344 5
1345 4
1346 5
1347 5
1348 5
1349 4
1350 4
1351 5
1352 3
1353 5
1354 5
1355 4
1356 4
1357 5
1358 4
1359 5
1360 4
1361 4
1362 6
1363 8
1364 5
1365 6
1366 2
1367 3
1369 6
1370 4
1371 4
1372 3
1373 4
1374 5
1375 5
1376 7
1377 4
1378 4
1379 5
1380 4
1381 5
1382 5
1383 3
1384 5
1385 5
1386 3
1387 6
1388 5
1389 5
1390 3
1391 4
1392 4
1393 5
1394 5
1395 4
1396 3
1397 4
1398 5
1399 5
1400 8
1401 4
1402 4
1403 5
1404 5
1405 4
1406 5
1407 6
1408 4
1409 3
1410 4
1411 6
1412 3
1413 5
1414 3
1415 4
1416 4
1417 4
1418 4
1419 4
1420 4
1421 5
1422 4
1423 4
1424 6
1425 3
1426 2
1427 5
1428 3
1429 5
1430 3
1431 4
1432 4
1433 4
1434 5
1435 5
1436 5
1437 5
1438 4
1439 4
1440 3
1441 3
1442 4
1443 5
1444 4
1445 3
1446 5
1447 3
1448 6
1449 3
1450 5
1451 3
1452 3
1453 5
1454 3
1455 6
1456 4
1457 2
1458 5
1459 2
1460 6
1461 7
1462 3
1463 3
1464 3
1465 5
1466 5
1467 6
1468 3
1470 4
1471 3
1472 3
1473 4
1474 5
1475 4
1476 3
1477 3
1478 3
1479 2
1480 4
1481 3
1482 3
1483 4
1484 7
1485 3
1486 6
1487 5
1488 5
1489 5
1490 4
1491 2
1492 3
1493 3
1494 6
1495 3
1496 3
1497 4
1498 4
1499 4
1500 4
1501 2
1502 2
1503 6
1504 4
1505 2
1506 4
1507 4
1508 5
1509 4
1510 7
1511 4
1512 4
1513 5
1514 5
1515 3
1516 5
1517 5
1518 3
1519 4
1520 5
1521 7
1522 4
1523 4
1524 5
1525 4
1526 5
1527 5
1528 4
1529 5
1530 2
1531 8
1532 5
1533 6
1534 5
1535 4
1536 5
1537 2
1538 3
1539 5
1540 8
1541 2
1542 4
1543 2
1544 5
1545 5
1546 4
1547 5
1548 4
1549 4
1550 2
1551 2
1552 6
1553 7
1554 7
1555 4
1556 5
1557 5
1558 2
1559 2
1560 1
1561 7
1562 1
1563 5
1564 3
1565 3
1566 5
1567 5
1568 5
1569 3
1570 3
1571 3
1572 4
1573 4
1574 4
1575 5
1576 5
1577 7
1578 2
1579 4
1580 2
1581 5
1582 4
1583 4
1584 4
1585 4
1586 4
1587 5
1588 5
1589 7
1590 4
1591 5
1592 1
1593 4
1594 4
1595 4
1596 7
1597 5
1598 3
1599 5
1600 5
1601 5
1602 4
1603 5
1604 5
1605 4
1606 5
1607 4
1608 5
1609 4
1610 6
1611 5
1612 4
1613 4
1614 5
1615 3
1616 6
1617 4
1618 4
1619 4
1620 4
1621 5
1622 4
1623 4
1624 5
1625 5
1626 7
1627 5
1628 6
1629 5
1630 5
1631 2
1632 6
1633 3
1634 5
1635 4
1636 4
1637 6
1638 5
1639 4
1640 4
1641 6
1642 3
1643 5
1644 4
1645 8
1646 5
1647 3
1648 4
1649 6
1650 5
1651 1
1652 5
1653 4
1654 2
1655 3
1656 5
1657 3
1658 5
1659 2
1660 4
1661 4
1662 1
1663 5
1664 6
1665 4
1666 2
1667 5
1668 5
1669 5
1670 5
1671 5
1672 5
1673 4
1674 6
1675 2
1676 4
1677 6
1678 4
1679 4
1680 4
1681 4
1682 5
1683 2
1684 5
1685 6
1686 5
1687 3
1688 5
1689 5
1690 4
1691 5
1692 6
1693 2
1694 4
1695 5
1696 3
1697 6
1698 6
1699 3
1700 5
1701 4
1702 5
1703 4
1704 5
1705 6
1706 3
1707 2
1708 5
1709 2
1710 6
1711 5
1712 6
1713 5
1714 6
1715 6
1716 1
1717 5
1718 4
1719 5
1720 5
1721 6
1722 2
1723 6
1724 7
1725 3
1726 4
1727 5
1728 3
1729 5
1730 5
1732 6
1733 4
1734 5
1735 5
1736 5
1737 5
1738 5
1739 4
1740 4
1741 4
1742 5
1743 4
1744 5
1745 6
1746 5
1747 4
1748 6
1749 3
1750 5
1751 4
1752 3
1753 6
1754 5
1755 2
1756 2
1757 3
1758 5
1759 4
1760 5
1761 5
1762 5
1763 4
1764 6
1765 6
1766 6
1767 5
1768 5
1769 5
1770 6
1771 5
1772 3
1773 2
1774 3
1775 2
1776 6
1777 4
1778 6
1779 4
1780 2
1781 2
1782 5
1783 3
1784 5
1785 5
1786 2
1787 7
1788 5
1789 2
1790 3
1791 3
1792 5
1793 3
1794 2
1795 5
1796 4
1797 4
1798 4
1799 5
1800 3
1801 7
1802 3
1803 4
1804 5
1805 5
1806 3
1807 5
1808 4
1809 3
1810 3
1811 4
1812 3
1813 7
1814 6
1815 3
1816 4
1817 5
1818 3
1820 4
1821 4
1822 3
1823 6
1824 4
1825 4
1826 5
1827 6
1828 3
1829 3
1830 3
1831 4
1832 5
1833 5
1834 5
1835 7
1836 4
1837 3
1838 5
1839 4
1840 3
1841 5
1842 3
1843 3
1844 4
1845 5
1846 6
1847 3
1848 3
1849 4
1850 6
1851 4
1852 4
1853 5
1854 2
1855 7
1856 5
1857 3
1858 4
1859 7
1860 3
1861 5
1862 6
1863 2
1864 6
1865 4
1866 6
1867 3
1868 6
1869 3
1870 7
1871 3
1872 5
1873 5
1874 6
1875 6
1876 5
1877 6
1878 5
1879 4
1880 5
1881 2
1882 4
1883 4
1884 5
1885 4
1886 4
1887 5
1888 4
1889 3
1890 3
1891 5
1892 4
1893 4
1894 2
1895 4
1896 6
1897 4
1898 3
1899 5
1900 5
1901 6
1902 6
1903 3
1904 2
1905 2
1906 3
1907 4
1908 4
1909 5
1910 6
1911 5
1912 5
1913 5
1914 8
1915 5
1916 3
1917 5
1918 5
1919 4
1920 7
1921 5
1922 4
1923 6
1924 5
1925 4
1926 3
1927 5
1928 5
1929 5
1930 5
1931 4
1932 4
1933 4
1934 5
1935 6
1936 4
1937 4
1938 6
1939 5
1940 3
1941 7
1942 5
1943 3
1944 4
1945 3
1946 2
1947 2
1948 5
1949 5
1950 5
1951 4
1952 2
1953 8
1954 3
1955 4
1956 5
1957 2
1958 3
1959 2
1960 5
1962 3
1963 4
1964 5
1965 4
1966 4
1967 4
1968 2
1969 6
1970 6
1971 5
1972 2
1973 4
1974 5
1975 4
1976 3
1977 2
1978 5
1979 4
1980 2
1981 4
1982 4
1983 3
1984 3
1985 6
1986 4
1987 6
1988 4
1989 3
1990 7
1991 4
1992 4
1993 6
1994 4
1995 5
1996 6
1997 5
1998 3
1999 2
2000 5
2001 6
2002 6
2003 5
2004 6
2005 5
2006 5
2007 7
2008 3
2009 4
2010 4
2011 5
2012 3
2013 4
2014 5
2015 2
2016 5
2017 5
2018 4
2019 3
2020 2
2021 4
2022 4
2023 5
2024 8
2025 4
2026 6
2027 5
2028 3
2029 5
2030 5
2031 5
2032 4
2033 4
2034 4
2035 5
2036 6
2037 4
2038 4
2039 3
2040 4
2042 6
2043 7
2044 5
2045 5
2046 4
2047 4
2048 6
2049 4
2050 3
2051 5
2052 4
2053 5
2055 4
2056 5
2057 3
2058 4
2059 2
2060 3
2061 3
2062 3
2063 4
2064 4
2065 3
2066 6
2067 4
2068 3
2069 3
2070 4
2071 6
2072 5
2073 5
2074 6
2075 5
2076 3
2077 4
2078 5
2079 5
2080 8
2081 5
2082 5
2083 2
2084 3
2085 5
2086 3
2087 3
2088 5
2089 6
2090 6
2091 4
2092 2
2093 4
2094 5
2095 5
2096 5
2097 4
2098 4
2099 7
2100 2
2101 6
2102 7
2103 3
2104 4
2105 4
2106 5
2107 5
2108 4
2109 5
2110 2
2111 2
2112 2
2113 3
2114 4
2115 5
2117 5
2118 2
2119 5
2120 4
2121 5
2122 3
2123 2
2125 4
2126 3
2127 2
2128 3
2129 2
2130 2
2131 6
2132 4
2133 4
2134 5
2135 7
2136 5
2137 3
2138 5
2139 4
2140 4
2141 4
2142 5
2143 5
2144 5
2145 6
2146 5
2147 5
2148 4
2149 4
2150 4
2151 4
2152 5
2153 5
2154 2
2155 3
2156 5
2157 6
2158 5
2159 3
2160 6
2161 4
2162 3
2163 5
2164 5
2165 5
2166 2
2167 3
2168 4
2169 4
2170 5
2171 7
2172 3
2173 7
2174 3
2175 5
2176 6
2177 6
2178 3
2179 6
2180 5
2181 2
2182 2
2183 4
2184 3
2185 2
2186 5
2187 3
2188 3
2189 6
2190 2
2191 2
2192 5
2193 3
2194 6
2195 5
2196 5
2197 5
2198 6
2199 4
2200 5
2201 4
2202 4
2203 5
2204 6
2205 3
2206 4
2207 4
2208 5
2209 2
2210 3
2211 6
2212 4
2213 5
2214 5
2215 5
2216 3
2217 4
2218 5
2219 4
2220 7
2221 3
2222 5
2223 3
2224 1
2225 3
2226 4
2227 3
2228 3
2229 5
2230 5
2231 4
2232 5
2233 5
2234 5
2235 5
2236 3
2237 5
2238 5
2239 5
2240 5
2241 2
2242 4
2243 7
2244 6
2245 3
2246 7
2247 7
2248 4
2249 3
2250 5
2251 3
2252 4
2253 4
2254 3
2255 4
2256 2
2257 5
2258 5
2259 3
2260 4
2262 2
2263 3
2264 3
2265 4
2266 3
2267 3
2268 4
2269 5
2270 5
2271 6
2272 5
2273 3
2274 5
2275 4
2276 6
2277 4
2278 5
2279 4
2280 3
2281 4
2282 5
2283 5
2284 5
2285 5
2286 3
2287 2
2289 4
2290 4
2291 4
2292 5
2293 6
2294 7
2295 6
2296 4
2297 5
2298 5
2299 5
2300 3
2301 4
2302 3
2303 4
2304 5
2305 5
2306 4
2307 5
2309 4
2310 7
2311 3
2312 3
2314 4
2315 5
2316 4
2317 4
2318 4
2319 4
2320 5
2321 4
2322 5
2323 5
2324 4
2325 6
2326 4
2327 4
2328 5
2329 4
2330 5
2331 4
2332 4
2333 4
2334 4
2335 5
2336 4
2337 2
2338 6
2339 6
2340 4
2341 3
2342 4
2343 2
2344 4
2345 5
2346 5
2347 3
2348 5
2349 4
2350 6
2351 4
2353 4
2354 3
2355 4
2356 2
2357 3
2359 5
2360 4
2361 4
2362 3
2363 5
2364 5
2365 4
2366 4
2367 4
2368 6
2369 5
2370 6
2371 5
2372 4
2373 4
2375 8
2376 4
2377 5
2378 3
2379 5
2380 4
2381 5
2382 3
2383 3
2384 4
2385 5
2386 5
2387 5
2388 6
2389 3
2390 5
2392 6
2393 4
2394 3
2395 5
2396 3
2397 4
2398 7
2399 2
2400 4
2401 5
2402 4
2403 4
2404 4
2405 4
2406 3
2407 8
2408 4
2409 4
2410 3
2411 4
2412 4
2413 4
2414 4
2415 4
2416 4
2417 3
2418 5
2419 4
2420 3
2421 3
2423 6
2424 4
2425 5
2426 5
2427 4
2428 4
2429 4
2430 4
2431 7
2432 4
2433 4
2434 7
2435 4
2436 4
2437 4
2438 6
2439 5
2440 3
2441 4
2442 4
2443 3
2444 4
2445 4
2446 4
2447 5
2448 4
2449 6
2450 2
2453 7
2454 5
2455 4
2456 4
2457 6
2458 3
2460 4
2461 3
2462 6
2463 4
2464 5
2466 5
2467 4
2468 4
2469 4
2470 7
2471 4
2472 3
2473 5
2474 5
2475 5
2476 3
2477 4
2478 3
2479 3
2480 5
2481 5
2482 5
2483 5
2484 4
2485 6
2486 4
2487 3
2488 5
2489 4
2490 4
2491 6
2492 4
2493 4
2494 5
2495 6
2496 5
2497 3
2498 4
2499 4
2500 4
2501 5
2502 4
2503 5
2504 5
2505 5
2506 3
2507 6
2508 5
2509 5
2510 4
2511 4
2512 3
2513 5
2514 5
2515 3
2516 7
2517 4
2518 6
2519 3
2520 3
2521 4
2522 5
2523 4
2524 4
2525 3
2526 5
2527 3
2528 4
2529 5
2530 6
2531 4
2532 4
2533 5
2534 4
2535 5
2538 4
2539 6
2540 3
2541 3
2542 5
2543 6
2544 6
2546 5
2547 4
2548 6
2549 5
2550 5
2551 6
2552 5
2553 3
2554 4
2555 6
2556 4
2557 4
2558 8
2559 6
2560 4
2561 4
2562 4
2563 4
2564 3
2565 4
2566 5
2568 5
2569 6
2570 4
2571 4
2572 5
2573 5
2574 6
2576 4
2577 5
2578 4
2579 5
2580 5
2581 6
2582 4
2583 5
2584 3
2585 3
2586 2
2587 5
2588 4
2589 3
2590 2
2591 4
2592 5
2593 3
2594 8
2595 6
2596 3
2597 4
2598 4
2599 5
2600 6
2601 3
2602 6
2603 4
2604 4
2605 3
2606 4
2607 4
2608 4
2609 4
2610 4
2611 7
2612 3
2613 4
2614 2
2615 4
2616 5
2617 1
2618 6
2619 6
2620 4
2621 6
2622 3
2623 5
2624 2
2625 3
2627 5
2628 2
2629 3
2630 5
2631 4
2632 4
2633 2
2634 5
2635 6
2636 3
2637 2
2638 3
2639 4
2640 3
2641 3
2642 5
2643 6
2644 5
2645 5
2646 3
2647 3
2648 3
2649 3
2650 5
2651 5
2652 4
2653 6
2654 7
2655 4
2656 5
2657 3
2658 3
2659 6
2660 4
2661 5
2663 5
2664 5
2665 5
2666 4
2667 2
2668 4
2669 8
2670 2
2671 4
2672 3
2673 5
2674 2
2675 4
2676 5
2677 5
2678 6
2679 5
2680 4
2681 5
2682 5
2683 4
2684 5
2685 5
2686 5
2687 3
2688 4
2689 3
2690 5
2691 5
2692 2
2694 2
2695 2
2696 4
2697 3
2698 5
2699 3
2700 3
2701 4
2702 3
2703 5
2704 2
2705 6
2706 4
2707 5
2708 7
2709 8
2710 5
2711 5
2712 4
2713 5
2714 4
2715 2
2716 3
2717 5
2718 3
2719 2
2720 4
2721 4
2722 5
2723 4
2724 2
2725 3
2726 2
2727 2
2728 4
2729 7
2730 3
2731 3
2732 6
2733 6
2734 2
2735 4
2736 3
2737 3
2738 5
2739 5
2740 4
2741 6
2742 6
2743 5
2744 6
2745 4
2746 3
2747 5
2748 7
2749 5
2750 4
2751 2
2752 5
2753 5
2754 7
2756 6
2757 5
2758 4
2759 5
2760 7
2761 4
2762 7
2763 4
2764 2
2765 4
2766 4
2767 5
2768 4
2769 5
2770 5
2771 3
2772 4
2773 1
2774 2
2775 2
2776 4
2777 4
2778 5
2780 5
2781 4
2782 3
2783 2
2784 6
2785 2
2786 8
2787 4
2788 3
2789 5
2790 5
2792 7
2793 6
2794 6
2795 3
2796 4
2797 5
2798 5
2799 3
2800 6
2801 3
2802 4
2803 2
2804 5
2805 4
2806 4
2807 2
2808 3
2809 3
2810 2
2811 6
2812 4
2813 6
2814 2
2815 4
2816 2
2817 6
2818 3
2819 2
2820 5
2821 2
2822 6
2823 6
2824 5
2825 4
2826 3
2827 4
2828 5
2829 4
2830 3
2831 3
2832 7
2833 3
2834 2
2835 3
2836 5
2837 4
2838 4
2839 5
2841 4
2842 2
2843 2
2844 3
2845 4
2846 3
2847 6
2848 4
2849 4
2850 6
2851 3
2852 4
2853 5
2854 8
2855 5
2856 5
2857 3
2858 5
2859 6
2860 3
2861 3
2863 3
2865 2
2866 5
2867 3
2868 3
2869 5
2870 3
2871 5
2872 2
2873 3
2874 3
2875 3
2876 6
2877 4
2878 4
2879 5
2880 4
2881 6
2882 3
2883 3
2884 5
2885 3
2886 3
2887 5
2888 7
2889 6
2890 3
2891 5
2892 2
2893 3
2894 2
2895 7
2896 4
2897 5
2898 5
2899 5
2900 5
2901 4
2902 3
2903 5
2904 2
2905 6
2906 5
2907 3
2908 7
2909 2
2910 5
2911 4
2912 3
2913 8
2914 6
2915 3
2916 4
2917 5
2918 5
2919 2
2920 4
2921 2
2922 4
2923 5
2924 6
2925 4
2926 5
2927 6
2928 4
2929 3
2930 5
2931 3
2932 5
2933 2
2934 2
2935 5
2936 3
2937 2
2938 5
2939 3
2940 7
2941 4
2942 5
2943 5
2944 4
2945 3
2946 2
2947 4
2948 3
2949 5
2950 4
2951 5
2952 5
2953 5
2954 6
2955 4
2956 6
2957 5
2958 3
2959 3
2960 3
2961 3
2962 3
2963 3
2964 3
2965 6
2966 7
2967 4
2968 5
2969 3
2970 4
2971 8
2972 5
2973 4
2974 4
2975 5
2976 4
2977 3
2978 5
2979 3
2980 5
2981 2
2982 2
2983 6
2984 2
2985 4
2986 3
2987 5
2988 2
2989 3
2990 5
2991 3
2992 2
2993 5
2994 4
2995 5
2996 5
2997 2
2998 4
2999 3
3000 4
3001 2
3002 7
3003 3
3004 6
3005 6
3006 5
3007 5
3008 3
3009 5
3010 2
3011 3
3012 2
3013 6
3014 6
3015 6
3016 5
3017 3
3019 4
3020 6
3021 4
3022 4
3023 4
3024 4
3025 5
3026 3
3027 4
3028 5
3029 4
3030 5
3031 6
3032 4
3033 4
3034 5
3035 7
3036 5
3038 7
3039 5
3040 4
3041 4
3042 5
3043 5
3044 4
3045 4
3046 3
3047 4
3048 5
3049 5
3050 3
3051 5
3052 5
3053 4
3054 7
3055 5
3056 4
3057 6
3058 5
3059 6
3060 5
3061 3
3062 7
3063 6
3064 5
3065 5
3066 5
3067 5
3068 6
3069 4
3071 5
3072 4
3073 2
3074 4
3075 3
3076 4
3077 6
3078 7
3079 4
3080 4
3081 3
3082 5
3083 6
3084 6
3085 4
3086 5
3087 7
3088 6
3089 4
3090 4
3091 4
3092 6
3093 5
3094 4
3095 4
3096 4
3097 6
3098 4
3099 4
3100 6
3101 2
3102 4
3103 5
3104 4
3105 5
3106 5
3107 2
3108 5
3109 7
3110 5
3111 5
3113 3
3114 4
3115 3
3116 6
3117 6
3118 2
3119 4
3120 5
3121 2
3122 4
3123 3
3124 5
3125 5
3126 5
3127 3
3128 3
3129 5
3130 4
3131 3
3132 4
3133 4
3134 4
3135 5
3136 6
3137 4
3138 5
3139 7
3140 5
3141 4
3142 5
3143 4
3144 6
3145 7
3146 6
3147 4
3148 6
3150 5
3151 4
3152 4
3153 5
3154 2
3155 7
3156 2
3157 5
3158 2
3159 5
3160 4
3161 3
3162 5
3163 3
3164 5
3165 5
3166 3
3167 5
3168 4
3169 3
3170 2
3171 2
3172 7
3173 3
3174 6
3175 5
3176 5
3177 2
3178 4
3179 3
3180 4
3181 5
3182 5
3183 3
3184 4
3185 4
3186 3
3187 5
3188 3
3189 4
3190 4
3191 5
3192 5
3193 2
3194 5
3195 4
3196 2
3197 3
3198 5
3199 2
3200 2
3201 3
3202 3
3203 3
3204 5
3205 5
3206 2
3207 2
3208 4
3209 2
3210 5
3211 3
3212 4
3213 3
3214 2
3215 5
3216 3
3217 4
3218 3
3219 6
3220 5
3221 4
3222 5
3223 2
3224 5
3225 6
3226 3
3227 6
3228 4
3229 4
3230 4
3231 3
3232 4
3233 4
3234 4
3235 5
3236 2
3237 6
3238 2
3239 4
3240 3
3241 5
3242 5
3243 7
3244 5
3245 4
3246 2
3247 4
3248 2
3249 6
3250 6
3251 2
3252 6
3253 2
3254 5
3255 5
3256 5
3257 4
3258 5
3259 5
3260 7
3261 5
3262 6
3263 5
3264 2
3265 3
3266 6
3267 3
3268 3
3269 5
3270 6
3271 2
3272 5
3273 3
3274 6
3275 5
3276 6
3277 4
3278 6
3279 5
3280 6
3281 4
3282 4
3283 6
3284 5
3285 5
3286 3
3287 5
3288 4
3289 4
3290 4
3291 5
3292 3
3293 3
3294 5
3295 6
3296 3
3297 4
3298 2
3299 4
3300 4
3301 3
3302 7
3303 5
3304 5
3305 2
3306 2
3307 4
3308 2
3309 6
3310 5
3311 5
3312 5
3313 5
3314 7
3315 8
3316 2
3317 5
3318 7
3319 5
3320 4
3321 4
3322 5
3323 4
3324 5
3325 2
3326 2
3327 3
3328 4
3329 4
3330 6
3331 3
3332 6
3333 4
3334 7
3335 3
3336 3
3337 4
3338 3
3339 1
3340 3
3341 2
3342 4
3343 5
3344 2
3345 5
3346 3
3347 5
3349 3
3350 6
3351 6
3352 5
3353 7
3354 4
3355 2
3356 4
3357 7
3358 3
3359 6
3360 4
3361 6
3362 2
3363 5
3364 6
3365 2
3366 2
3367 2
3368 3
3369 2
3370 4
3371 3
3372 4
3373 5
3374 6
3375 3
3376 8
3377 3
3378 4
3379 4
3380 6
3381 5
3382 5
3383 4
3384 4
3385 4
3386 5
3387 3
3388 2
3389 5
3390 4
3391 3
3392 4
3393 4
3394 4
3395 5
3396 4
3397 2
3398 6
3399 3
3400 2
3401 2
3402 2
3403 2
3404 5
3405 2
3406 5
3407 6
3408 6
3409 4
3410 5
3411 3
3412 6
3413 5
3415 4
3416 2
3417 6
3418 5
3419 4
3420 2
3421 1
3422 5
3423 5
3424 5
3425 3
3426 5
3427 3
3428 4
3429 4
3430 5
3431 2
3432 5
3433 3
3434 3
3435 3
3436 4
3437 5
3438 7
3439 4
3440 4
3441 3
3442 5
3443 6
3444 8
3445 5
3446 3
3447 5
3448 7
3449 4
3450 5
3451 2
3452 3
3453 2
3454 3
3455 2
3456 3
3457 4
3458 7
3459 6
3460 2
3461 4
3462 4
3463 4
3464 5
3465 4
3466 2
3467 3
3468 5
3469 3
3470 3
3471 4
3472 7
3473 5
3474 4
3475 5
3476 4
3477 2
3478 4
3479 3
3480 2
3481 5
3482 6
3483 4
3484 3
3485 5
3486 2
3487 2
3488 5
3489 5
3490 5
3491 3
3492 5
3493 2
3494 4
3496 5
3497 4
3499 4
3500 4
3501 4
3502 4
3503 3
3504 4
3505 4
3506 5
3507 6
3508 4
3509 4
3510 5
3511 4
3512 5
3513 2
3514 3
3515 5
3516 3
3517 3
3518 5
3519 5
3520 6
3521 5
3522 7
3523 2
3524 5
3525 3
3526 4
3527 6
3528 5
3529 4
3530 3
3531 2
3532 5
3533 4
3534 5
3535 5
3536 4
3537 3
3538 5
3539 6
3540 3
3541 6
3542 4
3543 6
3544 6
3545 5
3546 4
3547 4
3548 5
3549 4
3550 3
3551 4
3552 6
3553 5
3554 6
3555 5
3556 1
3557 4
3558 3
3559 2
3560 6
3561 3
3562 5
3563 3
3564 5
3565 4
3566 4
3567 4
3568 5
3569 5
3570 6
3571 3
3572 4
3573 4
3574 4
3575 5
3576 5
3577 5
3578 5
3579 5
3580 4
3581 5
3582 3
3583 6
3584 6
3585 5
3586 4
3587 5
3588 5
3589 4
3590 4
3591 6
3592 2
3593 6
3594 5
3595 4
3596 4
3597 3
3598 5
3599 5
3600 2
3601 5
3602 2
3603 4
3604 2
3605 7
3606 4
3607 6
3608 3
3609 6
3610 3
3611 7
3612 5
3613 5
3614 3
3615 3
3616 7
3617 4
3618 4
3619 5
3620 2
3621 4
3622 4
3623 4
3624 6
3625 4
3626 3
3627 2
3628 5
3629 4
3630 3
3631 4
3632 6
3633 4
3634 5
3635 6
3636 4
3637 2
3638 4
3639 3
3640 3
3641 6
3642 5
3643 3
3644 3
3645 4
3646 6
3647 5
3648 3
3649 5
3650 4
3651 5
3652 6
3653 4
3654 4
3655 3
3656 4
3657 5
3658 5
3659 6
3660 2
3661 3
3662 4
3663 6
3664 5
3665 3
3666 3
3667 5
3668 2
3669 7
3670 5
3671 5
3672 4
3673 3
3674 5
3675 5
3676 5
3677 5
3678 4
3679 4
3680 5
3681 2
3682 8
3683 3
3684 5
3685 7
3686 5
3687 6
3688 2
3689 4
3690 5
3691 2
3692 5
3693 3
3694 4
3695 4
3696 5
3697 3
3698 4
3699 5
3700 5
3701 4
3702 5
3703 4
3704 2
3705 6
3706 6
3707 6
3708 3
3709 3
3710 5
3711 3
3712 6
3713 5
3714 4
3715 5
3716 4
3717 6
3718 5
3719 6
3720 3
3721 3
3722 3
3723 2
3724 7
3725 5
3726 5
3727 3
3728 2
3729 3
3730 4
3731 8
3732 5
3733 3
3734 3
3735 3
3736 3
3737 4
3738 4
3739 5
3740 7
3741 5
3742 3
3743 6
3744 5
3745 3
3746 6
3747 4
3748 5
3749 4
3750 4
3751 2
3752 4
3753 2
3754 5
3755 4
3756 5
3757 2
3758 3
3759 3
3760 3
3761 4
3762 3
3763 4
3764 7
3765 2
3766 2
3767 4
3768 2
3769 2
3770 4
3771 4
3772 4
3773 4
3774 6
3775 3
3776 3
3777 3
3778 4
3779 6
3780 5
3781 5
3782 6
3783 4
3784 6
3785 4
3786 5
3787 2
3788 5
3790 5
3791 6
3792 5
3793 3
3794 5
3795 5
3796 6
3797 5
3799 6
3800 7
3801 2
3803 5
3804 2
3805 3
3806 2
3807 3
3808 5
3809 4
3810 6
3811 4
3812 4
3813 5
3814 6
3815 5
3816 5
3817 4
3818 7
3819 4
3820 6
3821 4
3822 4
3823 5
3824 7
3825 5
3826 2
3827 3
3828 4
3829 6
3830 5
3831 2
3832 5
3833 3
3834 3
3835 2
3836 5
3837 3
3838 4
3839 6
3840 4
3841 5
3842 4
3843 8
3844 3
3845 3
3846 5
3847 4
3848 7
3849 3
3850 3
3851 4
3852 5
3853 4
3854 2
3855 5
3856 4
3857 4
3858 3
3859 4
3860 4
3861 5
3862 5
3863 4
3864 3
3865 4
3866 7
3867 3
3868 5
3869 2
3870 2
3871 3
3872 4
3873 3
3874 3
3875 2
3876 4
3877 2
3878 7
3879 6
3880 5
3881 4
3882 1
3883 5
3884 5
3885 3
3886 5
3887 3
3888 4
3889 6
3890 4
3891 4
3892 2
3893 3
3894 4
3895 2
3896 7
3897 6
3898 5
3899 5
3900 5
3901 3
3902 4
3903 4
3904 3
3905 2
3906 2
3907 2
3908 5
3909 4
3910 7
3911 3
3912 5
3913 3
3914 3
3915 6
3916 4
3917 4
3918 3
3919 7
3920 2
3921 3
3922 5
3923 3
3924 5
3925 8
3926 6
3928 5
3929 4
3930 3
3931 5
3932 4
3933 6
3934 4
3935 4
3936 5
3937 4
3939 3
3940 4
3941 5
3942 5
3943 3
3944 5
3945 3
3946 5
3947 2
3948 5
3949 5
3950 4
3951 4
3952 4
3953 4
3955 7
3956 3
3957 5
3958 3
3959 5
3960 4
3961 6
3962 5
3963 4
3964 5
3965 3
3966 4
3967 3
3968 3
3969 5
3970 4
3971 4
3972 4
3973 4
3974 3
3975 4
3977 5
3979 4
3980 4
3981 6
3982 5
3983 4
3984 4
3985 4
3986 5
3987 5
3988 5
3989 6
3990 5
3991 7
3992 3
3994 5
3995 5
3996 4
3998 4
3999 4
4000 5
4001 4
4002 5
4003 6
4004 4
4005 4
4006 5
4007 2
4008 4
4009 4
4010 8
4011 5
4012 4
4013 4
4014 3
4015 3
4016 4
4017 5
4018 5
4019 4
4020 3
4022 5
4023 4
4024 5
4025 3
4026 4
4027 4
4028 4
4029 5
4030 4
4031 5
4032 4
4033 5
4034 5
4035 3
4036 4
4037 4
4038 4
4039 7
4040 2
4041 4
4042 4
4043 4
4044 5
4045 3
4046 5
4047 7
4049 5
4050 6
4051 4
4052 3
4053 5
4054 4
4055 4
4056 6
4058 7
4059 4
4060 5
4061 5
4062 6
4063 4
4064 5
4065 3
4066 3
4067 6
4068 5
4069 6
4070 6
4071 5
4072 4
4073 4
4074 4
4075 3
4076 3
4077 5
4078 7
4080 3
4081 5
4082 5
4083 5
4084 4
4085 2
4086 3
4087 4
4088 5
4089 6
4090 5
4091 4
4092 3
4093 5
4094 3
4095 4
4096 5
4097 5
4098 3
4099 5
4100 5
4101 3
4102 5
4103 3
4104 5
4105 4
4106 4
4107 5
4108 5
4109 3
4110 3
4112 4
4113 4
4114 4
4115 2
4116 5
4117 4
4118 4
4119 4
4120 4
4121 4
4122 3
4123 2
4124 4
4125 4
4126 4
4127 4
4128 5
4129 5
4130 4
4131 4
4132 4
4133 3
4134 5
4135 6
4136 3
4137 5
4138 2
4139 4
4140 5
4142 4
4143 4
4144 4
4145 4
4146 5
4148 4
4149 5
4150 5
4151 4
4152 3
4153 4
4154 3
4155 4
4156 5
4157 5
4158 5
4159 6
4160 3
4161 3
4162 4
4163 4
4164 5
4165 4
4166 3
4167 5
4168 4
4169 4
4170 5
4171 4
4172 3
4173 5
4174 5
4175 6
4176 4
4177 3
4178 4
4179 4
4180 3
4181 5
4182 5
4183 3
4184 4
4186 3
4187 5
4188 4
4189 4
4190 3
4191 2
4192 5
4193 6
4195 4
4196 2
4197 4
4198 5
4199 5
4200 2
4201 4
4202 4
4203 4
4204 5
4205 3
4206 5
4207 5
4208 5
4209 4
4210 5
4211 4
4212 4
4213 5
4214 5
4215 5
4216 3
4217 4
4219 4
4220 4
4221 7
4222 4
4223 2
4224 4
4225 2
4226 6
4227 4
4228 6
4229 3
4230 5
4231 4
4232 5
4233 3
4234 3
4235 2
4236 4
4237 5
4238 4
4239 5
4240 5
4241 5
4242 4
4243 5
4244 4
4245 3
4246 2
4247 4
4248 2
4249 4
4250 5
4251 3
4252 3
4253 2
4254 3
4255 6
4256 2
4257 2
4258 6
4259 4
4260 6
4261 5
4262 5
4263 3
4264 5
4265 6
4266 3
4267 2
4268 3
4269 5
4270 4
4271 4
4272 5
4273 4
4274 2
4275 4
4276 5
4277 4
4278 6
4279 3
4280 6
4281 7
4282 3
4283 3
4284 5
4285 5
4286 4
4287 5
4288 2
4289 3
4290 3
4291 4
4292 4
4293 2
4294 4
4295 5
4296 5
4298 5
4299 2
4300 3
4301 3
4302 1
4303 2
4304 2
4305 4
4306 6
4307 5
4308 5
4309 4
4310 4
4311 5
4312 3
4313 3
4314 5
4315 5
4316 6
4317 5
4318 6
4319 2
4320 4
4321 4
4322 5
4323 5
4324 2
4325 4
4326 5
4327 4
4328 6
4329 4
4330 3
4331 2
4332 2
4333 6
4334 4
4335 4
4336 3
4337 5
4338 5
4339 4
4340 6
4341 5
4342 6
4343 6
4344 6
4345 2
4346 5
4347 7
4348 4
4349 2
4350 2
4351 5
4352 5
4353 2
4354 5
4355 4
4356 5
4357 3
4358 4
4360 5
4361 5
4362 5
4363 4
4364 6
4365 4
4366 4
4367 3
4368 5
4369 3
4370 3
4371 2
4372 3
4373 5
4374 2
4375 4
4376 4
4377 4
4378 4
4379 5
4380 3
4381 5
4382 4
4384 2
4385 8
4386 4
4387 4
4388 3
4389 5
4390 5
4391 4
4392 6
4393 4
4394 6
4395 3
4396 5
4397 8
4398 4
4399 3
4400 6
4401 2
4402 4
4403 5
4404 7
4405 5
4406 3
4407 5
4408 5
4410 4
4411 4
4412 4
4413 3
4414 2
4415 2
4416 4
4417 4
4418 6
4419 3
4420 5
4421 6
4422 5
4423 6
4424 5
4425 5
4426 2
4427 5
4428 3
4429 3
4430 4
4431 6
4432 2
4433 4
4434 5
4436 8
4437 7
4438 6
4439 5
4441 4
4442 4
4443 4
4444 6
4445 2
4446 4
4447 3
4448 3
4449 4
4450 4
4451 4
4452 4
4453 5
4454 2
4455 3
4456 2
4457 5
4458 5
4459 2
4460 5
4461 3
4462 3
4463 3
4464 4
4465 3
4466 5
4467 4
4468 5
4469 7
4470 7
4471 2
4474 5
4475 3
4476 6
4477 6
4478 4
4479 5
4480 6
4481 6
4482 4
4483 5
4484 3
4485 5
4486 3
4487 5
4489 4
4490 5
4491 5
4492 3
4493 6
4494 6
4495 3
4496 2
4497 6
4498 5
4499 6
4500 5
4501 4
4502 6
4503 2
4504 2
4505 6
4506 3
4507 2
4508 6
4509 2
4510 4
4511 6
4512 4
4513 5
4514 4
4515 4
4516 5
4517 5
4518 5
4519 2
4520 5
4521 7
4522 2
4523 3
4525 3
4526 3
4528 6
4529 4
4530 4
4531 3
4533 5
4534 6
4535 3
4536 5
4537 3
4538 2
4539 2
4540 6
4541 5
4542 3
4543 5
4544 2
4545 4
4546 2
4547 3
4548 3
4549 3
4550 5
4551 3
4552 6
4553 7
4554 4
4555 4
4556 6
4557 6
4558 4
4559 4
4560 5
4561 5
4562 5
4563 3
4564 2
4565 4
4566 6
4567 5
4568 4
4569 2
4570 3
4572 3
4573 2
4574 2
4575 4
4576 3
4577 4
4578 6
4579 4
4580 7
4581 3
4582 6
4583 5
4585 4
4586 4
4587 2
4588 3
4589 4
4590 5
4591 2
4592 5
4593 5
4594 7
4595 6
4596 6
4597 5
4598 3
4599 5
4600 4
4601 4
4602 5
4603 2
4604 5
4605 4
4606 4
4607 5
4608 3
4609 4
4610 4
4611 2
4612 3
4613 2
4614 4
4615 6
4616 5
4617 6
4618 2
4619 4
4620 5
4621 4
4622 2
4623 4
4624 4
4625 3
4626 2
4627 5
4628 3
4629 4
4630 5
4631 4
4632 5
4633 5
4634 4
4635 3
4636 8
4637 3
4638 3
4639 4
4640 5
4641 4
4642 5
4643 4
4644 4
4645 4
4646 3
4647 5
4648 5
4649 4
4650 7
4651 5
4652 4
4653 3
4654 6
4655 6
4656 3
4657 6
4658 4
4659 3
4660 5
4661 8
4662 4
4663 3
4664 7
4665 2
4666 5
4667 4
4668 8
4669 4
4670 4
4671 5
4672 5
4673 3
4674 4
4675 5
4676 7
4677 5
4678 4
4679 4
4680 3
4681 5
4682 5
4683 4
4684 5
4685 4
4686 3
4687 4
4688 6
4689 2
4690 4
4691 5
4692 4
4693 5
4694 3
4695 3
4696 5
4697 5
4698 4
4699 6
4701 5
4702 4
4703 5
4704 6
4705 4
4706 3
4707 4
4709 5
4710 5
4711 4
4712 4
4713 4
4714 4
4715 3
4716 5
4717 4
4718 4
4719 5
4720 5
4721 4
4722 3
4723 4
4724 4
4725 4
4726 6
4727 4
4728 4
4729 3
4730 5
4731 6
4732 6
4733 3
4734 5
4735 4
4736 5
4737 7
4738 4
4739 4
4740 3
4741 5
4742 4
4743 6
4744 3
4745 3
4746 4
4747 5
4748 4
4749 3
4750 6
4751 2
4752 5
4753 6
4755 5
4756 5
4757 5
4758 4
4759 4
4760 5
4761 7
4762 3
4763 3
4764 4
4765 3
4766 4
4767 5
4768 6
4769 6
4770 5
4771 3
4772 2
4773 4
4774 5
4775 5
4776 3
4777 4
4778 3
4779 3
4780 4
4781 4
4782 3
4783 4
4784 5
4785 6
4786 4
4787 4
4788 6
4789 4
4790 2
4791 5
4792 5
4793 6
4794 2
4795 4
4796 7
4797 5
4798 4
4799 2
4800 4
4801 5
4802 2
4803 4
4804 3
4805 3
4806 3
4807 5
4808 5
4809 4
4810 4
4811 5
4812 7
4813 3
4814 3
4815 2
4816 4
4817 5
4818 4
4819 5
4820 3
4821 4
4822 6
4823 4
4824 3
4825 3
4826 6
4827 5
4828 4
4829 3
4830 3
4831 5
4832 3
4833 2
4834 3
4835 5
4836 6
4837 6
4838 6
4839 3
4840 3
4841 3
4842 5
4843 3
4844 6
4845 5
4846 5
4847 4
4848 4
4849 5
4850 5
4851 3
4852 5
4853 4
4854 5
4855 4
4856 2
4857 5
4858 3
4859 5
4860 3
4861 6
4862 2
4863 4
4864 5
4865 2
4866 4
4867 5
4868 3
4869 6
4870 5
4871 4
4872 5
4873 4
4874 2
4875 4
4876 5
4877 4
4878 2
4879 2
4880 4
4881 6
4882 6
4883 2
4884 3
4885 4
4886 3
4887 3
4888 6
4889 6
4890 4
4891 4
4892 6
4893 3
4894 4
4895 4
4896 5
4897 5
4898 4
4899 5
4900 3
4901 5
4902 4
4903 4
4904 6
4905 4
4906 4
4907 2
4908 3
4909 4
4910 5
4911 6
4912 3
4913 5
4914 4
4915 5
4916 3
4917 3
4918 4
4919 5
4920 3
4921 5
4922 5
4923 5
4924 5
4925 6
4926 5
4927 4
4928 3
4929 3
4930 3
4931 3
4932 3
4933 4
4934 4
4935 3
4936 2
4937 4
4938 2
4939 2
4940 5
4941 5
4943 2
4944 4
4945 2
4946 3
4947 8
4948 5
4949 2
4950 6
4951 4
4952 5
4953 5
4954 2
4955 3
4956 5
4957 4
4958 4
4959 2
4960 5
4961 6
4962 3
4963 6
4964 4
4965 7
4966 3
4967 5
4968 4
4969 4
4970 4
4971 4
4972 3
4973 6
4974 5
4975 6
4976 2
4977 3
4978 4
4979 5
4981 3
4982 5
4983 5
4984 5
4985 4
4986 4
4987 4
4988 2
4989 6
4990 3
4991 2
4992 4
4993 2
4994 6
4995 3
4996 4
4997 4
4998 4
4999 5
5000 3
5001 4
5002 3
5003 4
5004 5
5005 4
5006 5
5007 3
5008 5
5009 4
5010 5
5011 3
5012 4
5013 2
5014 5
5015 5
5016 5
5017 3
5018 4
5019 6
5020 6
5021 3
5022 3
5023 4
5024 5
5025 5
5026 2
5027 4
5028 2
5029 4
5030 2
5031 5
5032 4
5033 2
5034 6
5035 8
5036 5
5037 4
5038 4
5039 2
5040 3
5041 5
5042 3
5043 5
5044 4
5045 3
5046 3
5047 2
5048 2
5049 4
5050 5
5051 2
5052 5
5053 4
5054 5
5055 5
5056 2
5057 2
5058 3
5059 4
5060 5
5061 5
5062 5
5063 3
5064 4
5065 2
5066 6
5067 2
5068 4
5069 2
5070 4
5071 3
5072 2
5073 2
5074 5
5075 6
5076 4
5077 2
5078 3
5079 3
5080 4
5081 2
5082 4
5083 2
5084 4
5085 4
5086 3
5087 5
5088 2
5089 5
5090 5
5091 5
5092 2
5093 3
5094 5
5095 5
5096 4
5097 4
5098 5
5099 5
5100 2
5101 5
5102 5
5103 4
5104 1
5105 3
5106 5
5107 4
5108 7
5109 3
5110 2
5111 2
5112 1
5113 4
5114 4
5115 4
5116 6
5117 4
5118 2
5119 2
5120 4
5121 3
5122 5
5123 2
5124 1
5125 6
5126 3
5127 4
5128 5
5129 7
5130 5
5131 5
5132 3
5133 4
5134 4
5135 4
5136 3
5137 3
5138 7
5139 4
5140 5
5141 5
5142 3
5143 7
5144 3
5145 4
5146 6
5147 4
5148 5
5149 5
5150 4
5151 5
5152 3
5153 3
5154 1
5155 4
5157 6
5158 8
5159 4
5160 5
5161 5
5162 2
5163 5
5164 4
5165 4
5166 5
5167 4
5169 5
5170 2
5171 4
5172 6
5173 2
5174 4
5175 4
5176 3
5177 6
5178 4
5179 3
5180 5
5181 5
5182 5
5183 3
5184 4
5185 5
5187 4
5188 5
5189 3
5190 6
5191 5
5192 3
5193 5
5194 4
5195 6
5196 3
5197 4
5198 7
5199 6
5200 3
5201 6
5202 3
5203 4
5204 6
5205 3
5206 5
5208 3
5209 6
5210 3
5211 3
5212 3
5213 5
5214 2
5215 5
5216 5
5217 3
5218 3
5219 4
5220 4
5221 4
5222 4
5223 3
5224 5
5225 5
5226 5
5227 5
5228 4
5229 3
5230 6
5231 3
5232 5
5233 5
5234 3
5235 6
5236 3
5237 5
5238 3
5239 8
5240 3
5241 5
5242 5
5243 4
5244 2
5245 6
5246 4
5248 3
5249 4
5250 6
5251 4
5252 3
5253 7
5254 3
5255 5
5256 4
5257 5
5258 6
5259 3
5260 3
5261 6
5262 4
5263 4
5264 5
5265 4
5266 4
5267 7
5268 5
5269 4
5270 7
5271 6
5272 4
5273 5
5274 3
5275 3
5276 3
5277 5
5278 7
5279 6
5280 4
5281 6
5282 2
5283 6
5284 2
5285 4
5286 2
5287 4
5288 5
5289 4
5290 4
5291 3
5292 4
5293 4
5294 7
5295 2
5296 4
5297 5
5298 4
5299 5
5300 5
5301 3
5302 3
5303 2
5304 5
5305 3
5306 2
5307 4
5308 5
5309 2
5310 5
5311 2
5312 2
5313 4
5314 8
5315 5
5316 5
5317 6
5318 3
5319 4
5320 5
5321 5
5322 2
5323 6
5324 5
5325 6
5326 5
5327 5
5328 7
5329 6
5330 4
5331 5
5332 5
5333 2
5334 3
5335 7
5336 3
5337 3
5338 6
5339 4
5340 3
5341 6
5342 5
5343 6
5344 4
5345 6
5346 3
5347 5
5348 5
5349 3
5350 3
5351 5
5352 5
5353 5
5354 6
5355 5
5356 5
5357 4
5358 5
5359 2
5360 3
5361 2
5362 6
5363 4
5364 4
5365 2
5366 5
5367 5
5368 2
5369 5
5370 5
5371 6
5372 8
5373 3
5374 4
5375 7
5377 2
5378 5
5379 4
5380 5
5381 5
5382 5
5383 7
5384 6
5385 5
5386 5
5387 5
5388 6
5389 4
5390 2
5391 5
5392 2
5393 5
5394 3
5395 3
5396 2
5397 7
5398 7
5399 5
5400 5
5401 5
5402 3
5403 5
5404 5
5405 2
5406 6
5407 4
5408 2
5409 7
5410 5
5411 3
5412 4
5413 7
5414 4
5415 2
5416 4
5417 6
5418 4
5419 2
5420 7
5421 3
5422 3
5423 5
5424 2
5425 3
5426 5
5427 4
5428 3
5429 6
5430 2
5431 3
5432 2
5433 6
5434 2
5435 4
5436 6
5437 2
5438 6
5439 3
5440 3
5441 4
5442 5
5443 5
5444 5
5445 4
5446 4
5447 5
5448 5
5449 4
5450 7
5451 5
5452 3
5453 3
5454 2
5455 5
5456 5
5457 3
5458 6
5459 6
5460 4
5461 7
5462 4
5463 4
5464 2
5465 5
5466 3
5467 2
5468 5
5469 5
5470 3
5471 5
5472 1
5473 2
5474 6
5475 6
5476 6
5477 5
5478 4
5479 3
5480 5
5481 7
5482 3
5483 5
5484 3
5485 3
5486 5
5487 6
5488 2
5489 8
5490 4
5491 7
5492 5
5493 3
5494 3
5495 4
5496 4
5497 5
5498 2
5499 5
5500 4
5501 5
5502 7
5503 5
5504 5
5505 6
5506 3
5507 3
5508 4
5509 5
5510 4
5511 3
5513 5
5514 4
5515 4
5516 4
5517 3
5518 5
5519 3
5520 3
5521 6
5522 4
5523 6
5524 5
5525 2
5526 3
5527 4
5528 3
5529 5
5530 4
5531 4
5532 4
5533 5
5534 6
5535 4
5536 4
5537 5
5538 3
5539 3
5540 5
5541 4
5542 3
5543 4
5544 2
5545 5
5546 4
5547 5
5548 5
5549 7
5550 4
5551 5
5552 4
5553 6
5554 4
5555 4
5556 5
5557 5
5558 4
5559 4
5560 3
5561 4
5562 4
5563 4
5564 6
5565 4
5566 4
5567 4
5568 5
5569 4
5570 5
5571 5
5572 4
5573 6
5574 5
5575 5
5577 4
5578 4
5579 5
5580 5
5581 4
5582 5
5583 3
5584 5
5585 4
5586 5
5587 5
5588 5
5589 5
5590 4
5591 6
5592 4
5593 6
5594 5
5595 4
5596 7
5597 5
5598 5
5599 4
5600 7
5601 6
5602 6
5603 4
5604 5
5605 3
5606 5
5607 4
5608 4
5609 3
5610 5
5611 6
5612 4
5613 4
5614 5
5615 6
5616 5
5617 5
5618 3
5619 5
5620 7
5621 3
5622 4
5623 4
5624 5
5625 5
5626 3
5627 7
5629 4
5630 4
5631 6
5632 4
5633 5
5634 4
5635 5
5636 5
5637 2
5638 3
5639 7
5640 4
5641 4
5642 5
5643 4
5644 4
5645 3
5646 4
5647 3
5648 5
5649 4
5650 4
5651 5
5652 6
5653 6
5654 4
5655 5
5656 3
5657 3
5658 5
5659 5
5660 5
5661 4
5662 2
5663 4
5664 6
5666 3
5667 4
5668 4
5669 4
5670 5
5671 3
5672 4
5673 4
5674 7
5675 4
5676 5
5677 5
5678 3
5679 5
5680 4
5681 6
5682 3
5683 4
5684 5
5685 6
5686 5
5687 5
5688 5
5689 3
5690 5
5691 5
5692 5
5693 4
5694 7
5695 5
5696 5
5697 4
5698 5
5699 5
5700 5
5701 4
5703 5
5704 4
5705 4
5706 4
5707 5
5708 5
5709 6
5710 5
5711 3
5712 5
5713 4
5714 4
5715 4
5716 3
5717 2
5718 6
5719 4
5720 4
5721 3
5722 4
5723 3
5724 5
5725 3
5726 4
5727 4
5728 4
5729 4
5730 5
5731 4
5732 5
5733 4
5734 5
5735 4
5736 3
5737 2
5738 5
5739 5
5741 3
5742 5
5744 5
5745 4
5746 5
5747 5
5748 4
5749 5
5750 4
5751 4
5752 7
5753 4
5754 4
5756 3
5757 3
5759 4
5761 5
5762 5
5763 4
5764 4
5765 4
5766 5
5768 5
5769 5
5771 4
5772 5
5773 6
5774 4
5775 4
5776 6
5777 4
5778 5
5779 6
5780 2
5781 4
5782 3
5783 3
5784 3
5786 6
5787 3
5788 2
5789 4
5790 4
5791 3
5792 5
5793 4
5794 4
5795 5
5796 5
5797 5
5798 5
5799 3
5800 6
5801 3
5802 3
5803 5
5804 5
5805 5
5806 3
5807 2
5808 5
5809 4
5810 3
5811 3
5812 4
5813 4
5814 6
5815 2
5816 5
5817 8
5818 4
5819 3
5820 4
5821 3
5822 6
5823 5
5824 2
5825 7
5826 3
5827 4
5828 3
5829 3
5830 3
5831 4
5832 8
5833 3
5834 3
5836 6
5837 6
5838 6
5839 7
5840 5
5841 6
5842 5
5843 4
5844 4
5845 5
5846 2
5847 4
5849 4
5850 5
5851 5
5852 2
5853 3
5854 2
5855 4
5856 2
5857 3
5858 6
5859 5
5860 3
5861 3
5862 3
5863 2
5864 2
5865 4
5866 4
5867 5
5868 5
5869 5
5870 4
5871 4
5872 5
5873 3
5874 3
5875 4
5876 5
5877 3
5878 4
5879 2
5880 3
5881 5
5882 4
5883 3
5884 2
5885 3
5886 2
5887 3
5888 2
5889 4
5890 3
5891 7
5892 5
5893 2
5894 4
5895 5
5896 4
5897 2
5898 4
5899 6
5900 4
5901 3
5902 5
5903 4
5904 4
5905 3
5906 5
5907 3
5909 6
5910 5
5911 5
5912 3
5913 7
5914 5
5915 3
5916 2
5917 4
5918 5
5919 2
5920 6
5921 3
5922 3
5923 3
5924 2
5925 5
5927 3
5928 2
5929 7
5931 3
5932 5
5933 6
5934 8
5935 4
5936 5
5937 3
5938 4
5939 2
5940 8
5941 5
5942 2
5943 3
5944 4
5945 3
5946 1
5947 4
5948 6
5949 8
5951 3
5952 3
5953 2
5954 3
5955 4
5957 5
5958 6
5959 2
5960 6
5962 5
5963 3
5964 6
5965 5
5966 3
5967 7
5968 3
5969 3
5970 6
5971 5
5972 5
5973 5
5974 3
5975 5
5976 2
5977 4
5978 5
5979 2
5980 5
5981 2
5982 8
5983 4
5984 2
5985 6
5986 4
5987 5
5988 5
5989 4
5990 5
5991 3
5992 7
5993 3
5994 3
5995 2
5996 6
5997 3
5998 8
5999 3
6000 7
6001 3
6002 3
6003 6
6004 5
6005 5
6006 4
6007 3
6008 6
6009 2
6010 4
6011 5
6012 3
6013 5
6014 3
6015 7
6016 4
6017 4
6018 6
6019 5
6020 3
6021 4
6023 3
6024 3
6025 4
6026 4
6028 5
6029 4
6030 2
6031 2
6032 4
6033 3
6034 3
6035 5
6036 5
6037 2
6038 2
6039 3
6040 3
6042 3
6043 1
6044 5
6045 4
6046 3
6047 6
6048 4
6049 4
6050 5
6051 6
6052 5
6053 6
6054 3
6055 5
6056 5
6057 5
6058 5
6060 3
6061 5
6062 2
6063 3
6064 3
6065 3
6066 2
6067 4
6068 4
6069 3
6070 3
6072 4
6073 4
6074 6
6075 5
6076 5
6077 5
6078 3
6079 2
6080 2
6081 4
6082 5
6083 3
6084 3
6085 4
6086 3
6087 3
6088 5
6089 3
6090 3
6091 5
6092 2
6093 5
6095 5
6096 2
6097 2
6098 3
6099 2
6100 7
6101 2
6102 5
6103 4
6104 6
6105 5
6106 6
6107 5
6108 5
6109 7
6110 4
6111 2
6112 3
6113 4
6114 4
6115 5
6116 2
6117 2
6118 4
6119 4
6120 5
6121 3
6122 6
6123 4
6124 4
6125 7
6126 5
6127 6
6128 5
6129 5
6130 5
6131 4
6132 3
6133 3
6134 5
6135 5
6136 4
6137 2
6138 3
6139 4
6140 5
6141 5
6142 5
6143 2
6144 4
6145 4
6146 6
6147 3
6148 4
6149 6
6150 5
6151 3
6152 4
6153 5
6154 3
6155 6
6156 5
6157 6
6158 3
6159 5
6160 2
6161 2
6162 5
6163 5
6164 3
6165 3
6166 5
6167 5
6168 4
6169 2
6170 7
6172 5
6173 3
6174 5
6175 6
6176 4
6177 3
6178 4
6179 3
6180 7
6181 3
6182 5
6183 4
6185 4
6186 2
6187 5
6188 2
6189 5
6190 3
6191 4
6192 5
6193 6
6194 3
6195 3
6196 5
6197 7
6198 5
6199 3
6200 1
6201 6
6202 4
6203 2
6204 4
6205 4
6206 4
6207 7
6208 4
6209 4
6210 4
6211 4
6212 5
6213 5
6214 3
6215 7
6216 3
6218 3
6221 3
6222 2
6223 4
6224 5
6225 3
6226 6
6227 5
6228 3
6229 5
6230 5
6231 8
6232 4
6234 4
6235 4
6236 4
6237 3
6238 4
6239 7
6240 6
6241 4
6242 5
6243 6
6244 5
6245 4
6246 5
6247 7
6248 5
6249 5
6250 4
6251 5
6253 4
6254 6
6255 3
6256 4
6257 5
6259 5
6260 8
6261 3
6262 4
6263 5
6264 6
6265 4
6266 5
6267 4
6269 6
6271 3
6272 3
6273 5
6274 4
6275 4
6276 4
6277 5
6279 5
6280 3
6281 4
6282 5
6283 4
6284 4
6285 5
6286 6
6287 4
6288 5
6289 5
6290 5
6291 5
6292 4
6293 4
6294 5
6295 4
6296 4
6297 5
6298 4
6299 7
6300 4
6301 3
6302 4
6303 3
6304 5
6305 4
6306 5
6307 7
6308 3
6309 3
6310 4
6311 4
6312 3
6313 7
6314 6
6315 3
6316 7
6317 4
6318 2
6319 5
6320 4
6321 4
6322 4
6323 4
6324 3
6325 8
6326 6
6327 2
6328 3
6329 2
6330 4
6331 4
6332 4
6333 7
6334 4
6335 3
6336 5
6337 5
6338 5
6339 2
6340 2
6341 7
6342 2
6343 3
6344 4
6345 3
6346 4
6347 3
6348 5
6349 5
6350 3
6351 4
6352 3
6353 7
6354 6
6355 5
6356 4
6357 7
6358 2
6359 5
6360 2
6361 3
6362 2
6363 4
6364 2
6365 2
6366 6
6367 5
6368 4
6369 5
6370 5
6371 6
6372 5
6373 4
6374 5
6375 5
6376 7
6377 5
6378 2
6379 3
6380 3
6381 3
6382 3
6383 4
6384 8
6385 6
6386 3
6387 6
6388 4
6389 2
6390 4
6391 5
6392 4
6393 6
6394 4
6395 7
6396 5
6397 4
6398 5
6399 5
6400 2
6401 2
6402 3
6403 7
6404 2
6405 5
6406 3
6407 4
6408 5
6409 4
6411 3
6412 5
6413 5
6414 2
6415 6
6416 2
6417 4
6418 2
6419 2
6420 5
6421 2
6422 4
6423 2
6424 3
6425 8
6426 3
6427 5
6428 5
6429 3
6430 3
6431 5
6432 3
6433 4
6434 4
6435 2
6436 5
6437 5
6438 4
6439 4
6440 5
6441 5
6442 6
6443 3
6444 5
6445 5
6446 5
6447 4
6448 3
6449 2
6450 4
6451 4
6452 2
6453 5
6454 4
6455 4
6456 3
6457 4
6458 4
6459 5
6460 6
6461 5
6462 5
6463 2
6464 4
6465 5
6466 3
6467 4
6468 4
6469 5
6470 4
6471 3
6472 2
6473 3
6474 5
6475 2
6476 3
6477 4
6478 6
6479 5
6480 3
6481 3
6482 3
6483 2
6484 8
6485 4
6486 4
6487 5
6488 2
6489 5
6490 4
6491 4
6492 7
6493 3
6494 5
6495 2
6496 2
6497 4
6498 2
6499 5
6500 5
6501 5
6502 5
6503 3
6504 5
6505 3
6506 3
6507 3
6508 6
6509 3
6510 5
6511 3
6512 2
6513 3
6514 3
6515 5
6516 5
6517 4
6518 4
6519 6
6520 5
6521 6
6522 5
6523 4
6524 5
6525 3
6526 2
6527 4
6528 4
6529 5
6530 5
6531 3
6532 2
6533 4
6534 2
6535 3
6536 6
6537 4
6538 2
6539 6
6540 4
6541 5
6542 4
6543 5
6544 2
6545 3
6546 4
6547 2
6548 4
6549 5
6550 2
6551 4
6552 4
6553 5
6554 5
6555 5
6556 2
6557 6
6558 3
6559 4
6560 5
6561 6
6562 3
6563 3
6564 4
6565 5
6566 4
6567 5
6568 4
6569 5
6570 2
6571 5
6572 5
6573 2
6574 2
6575 4
6576 4
6577 6
6578 4
6579 1
6580 3
6581 3
6582 3
6583 1
6584 5
6585 2
6586 4
6587 5
6588 5
6589 2
6590 5
6591 2
6592 4
6593 4
6594 5
6595 2
6596 1
6597 4
6598 3
6599 4
6600 2
6601 6
6602 4
6603 4
6604 3
6605 4
6606 5
6607 5
6608 4
6609 3
6610 2
6611 5
6612 3
6613 3
6614 2
6615 4
6616 2
6618 5
6619 6
6620 3
6621 6
6622 5
6623 6
6624 5
6625 2
6626 4
6627 2
6628 2
6629 4
6630 5
6631 1
6632 1
6633 3
6634 3
6635 4
6636 2
6637 5
6638 3
6639 5
6640 6
6641 3
6642 2
6643 7
6645 4
6646 3
6647 5
6648 3
6649 4
6650 3
6651 2
6652 4
6653 3
6654 5
6655 3
6656 6
6657 6
6658 5
6659 4
6660 4
6661 4
6662 4
6663 2
6664 4
6665 4
6666 4
6667 2
6668 5
6669 7
6671 5
6672 2
6673 6
6674 4
6675 6
6676 2
6677 4
6678 4
6679 6
6680 2
6681 3
6682 5
6683 2
6684 4
6685 3
6686 3
6687 3
6688 8
6689 6
6690 7
6691 4
6692 5
6693 2
6694 7
6695 4
6696 3
6697 4
6698 5
6699 2
6700 4
6701 6
6702 3
6703 6
6704 6
6705 2
6706 2
6707 8
6708 3
6709 5
6710 2
6711 4
6712 5
6713 3
6714 6
6715 3
6716 4
6717 3
6718 5
6719 3
6720 5
6721 6
6722 5
6723 8
6724 7
6725 2
6727 4
6728 4
6729 2
6730 6
6731 5
6732 5
6733 6
6734 2
6735 5
6736 6
6737 6
6738 4
6739 5
6740 3
6741 5
6742 4
6743 3
6744 3
6745 4
6746 4
6747 4
6748 4
6749 4
6750 2
6751 3
6752 5
6753 5
6754 4
6755 3
6756 5
6757 5
6758 5
6759 6
6760 5
6762 5
6763 5
6764 4
6765 5
6766 3
6767 5
6768 3
6769 2
6770 5
6771 5
6772 4
6773 3
6774 5
6775 5
6776 3
6777 3
6778 3
6779 5
6780 4
6781 4
6782 4
6783 3
6784 3
6785 3
6786 3
6787 2
6788 5
6789 5
6790 4
6791 4
6792 5
6794 5
6795 4
6796 3
6797 5
6798 4
6799 4
6800 6
6801 3
6802 2
6803 3
6804 5
6805 4
6806 3
6807 3
6808 5
6809 4
6810 3
6811 3
6812 5
6813 5
6814 4
6815 7
6816 3
6817 4
6818 6
6819 4
6820 4
6821 4
6822 5
6823 4
6824 4
6825 2
6826 5
6827 6
6828 5
6829 4
6830 3
6831 6
6832 5
6833 4
6834 5
6835 2
6836 4
6837 5
6838 5
6839 7
6840 8
6841 6
6842 4
6843 4
6844 4
6845 7
6846 3
6847 2
6848 2
6849 6
6850 5
6851 3
6852 3
6853 5
6854 3
6855 2
6856 4
6857 3
6858 6
6859 7
6860 5
6861 5
6862 4
6863 4
6864 5
6865 5
6866 2
6867 5
6868 4
6869 2
6870 3
6871 2
6872 3
6873 4
6874 4
6875 7
6876 3
6877 3
6878 2
6879 3
6880 4
6881 4
6882 3
6883 6
6884 5
6885 4
6886 6
6887 4
6888 7
6889 4
6890 6
6891 3
6892 2
6893 5
6894 5
6895 3
6896 4
6897 2
6898 5
6899 3
6900 3
6901 3
6902 4
6903 6
6904 4
6905 3
6906 3
6907 3
6908 4
6909 6
6910 4
6911 2
6912 3
6913 2
6914 4
6915 2
6916 8
6917 5
6918 3
6919 4
6921 3
6923 4
6924 3
6925 2
6926 2
6927 2
6928 5
6929 2
6930 5
6931 3
6932 5
6933 3
6935 5
6936 3
6937 4
6938 7
6939 6
6940 6
6941 6
6942 5
6943 3
6944 7
6945 5
6946 5
6947 2
6948 4
6949 5
6950 5
6951 4
6952 4
6953 2
6954 3
6956 3
6957 4
6958 4
6959 6
6960 4
6961 5
6962 2
6963 5
6964 6
6965 3
6966 5
6967 4
6968 4
6969 4
6970 5
6971 3
6972 6
6973 3
6974 5
6975 3
6976 3
6977 3
6978 5
6979 4
6980 6
6981 3
6982 3
6983 4
6984 4
6985 3
6986 4
6987 5
6988 4
6989 7
6990 6
6991 5
6992 2
6993 4
6994 7
6995 2
6996 4
6997 3
6998 2
6999 6
7000 6
7001 2
7002 7
7003 4
7004 3
7005 2
7006 3
7007 4
7008 4
7009 5
7010 4
7011 5
7012 3
7013 4
7014 5
7015 5
7016 6
7017 1
7018 4
7019 2
7020 5
7021 8
7022 2
7023 4
7024 2
7025 5
7026 4
7027 7
7028 5
7029 5
7030 4
7031 4
7032 1
7033 4
7034 4
7035 3
7036 6
7037 3
7038 5
7039 4
7040 2
7041 5
7042 3
7043 4
7044 5
7046 3
7047 4
7048 2
7049 3
7050 5
7051 4
7052 2
7053 3
7054 6
7055 3
7056 2
7057 6
7058 2
7059 6
7060 2
7061 3
7062 3
7063 2
7064 5
7065 7
7066 4
7067 4
7068 4
7070 3
7071 5
7072 5
7073 4
7074 5
7075 4
7076 3
7077 2
7078 4
7079 3
7080 3
7081 5
7082 5
7083 5
7084 4
7085 2
7086 3
7087 4
7088 5
7089 6
7090 4
7091 5
7092 5
7093 6
7094 4
7095 4
7096 8
7097 5
7098 6
7099 6
7100 4
7101 4
7102 4
7103 3
7104 5
7105 5
7106 5
7107 4
7108 4
7109 6
7110 3
7111 6
7112 5
7113 4
7114 3
7115 3
7116 2
7117 5
7118 4
7119 3
7120 4
7121 5
7122 3
7123 5
7124 4
7125 3
7126 7
7127 4
7128 5
7129 4
7130 5
7131 4
7132 5
7133 4
7134 4
7135 2
7136 6
7137 5
7138 4
7139 6
7140 3
7141 3
7142 5
7143 5
7144 4
7145 4
7146 3
7147 4
7148 5
7149 4
7150 5
7151 6
7152 4
7153 4
7154 5
7155 4
7156 4
7157 3
7158 3
7159 4
7160 5
7161 4
7162 5
7163 3
7164 4
7165 6
7166 5
7167 4
7168 5
7169 3
7170 7
7171 3
7172 4
7173 4
7174 2
7175 4
7176 5
7177 4
7178 4
7179 8
7180 3
7181 5
7182 5
7183 5
7184 5
7185 3
7186 3
7187 6
7188 6
7189 5
7190 3
7191 3
7192 4
7193 4
7194 4
7195 4
7197 5
7198 5
7199 2
7200 3
7201 5
7202 4
7203 5
7204 3
7205 4
7206 4
7208 5
7209 6
7210 5
7212 5
7213 4
7214 6
7215 4
7216 7
7218 5
7219 4
7220 5
7221 4
7222 4
7223 5
7224 7
7225 5
7226 5
7227 3
7228 4
7229 6
7230 4
7231 5
7232 6
7234 4
7235 4
7236 4
7237 5
7238 5
7239 5
7240 5
7241 5
7242 5
7243 3
7244 4
7245 5
7246 5
7247 4
7248 3
7249 7
7250 5
7251 4
7252 4
7253 3
7254 5
7255 3
7256 4
7257 3
7258 5
7259 3
7261 5
7262 4
7263 3
7265 2
7266 4
7267 4
7268 5
7269 4
7270 6
7271 3
7272 4
7273 6
7274 3
7275 4
7276 4
7278 4
7279 4
7281 3
7282 8
7283 5
7284 3
7285 4
7286 4
7287 5
7288 5
7289 4
7290 4
7291 7
7292 4
7293 5
7294 5
7295 4
7296 4
7298 5
7299 3
7300 3
7301 3
7302 4
7303 4
7304 4
7305 3
7306 4
7307 6
7308 7
7309 3
7310 4
7311 3
7312 5
7313 4
7314 3
7315 4
7316 5
7318 4
7319 5
7320 6
7321 3
7322 2
7323 6
7324 4
7325 5
7326 5
7327 2
7328 5
7329 4
7330 5
7331 5
7332 4
7333 2
7334 5
7335 5
7336 6
7337 3
7338 4
7339 3
7340 4
7341 5
7342 2
7343 4
7344 6
7345 4
7346 2
7347 3
7348 4
7349 2
7350 5
7351 5
7352 3
7353 4
7354 5
7355 4
7356 3
7357 2
7358 3
7359 2
7361 4
7362 4
7363 2
7364 5
7365 5
7366 5
7367 2
7368 5
7369 5
7370 5
7371 3
7372 3
7373 7
7374 3
7375 3
7376 4
7377 5
7378 5
7379 3
7380 3
7381 5
7382 2
7383 2
7384 3
7385 2
7386 3
7387 2
7388 3
7389 5
7390 4
7391 5
7392 3
7393 6
7394 2
7396 5
7397 3
7398 6
7399 7
7400 5
7401 4
7402 4
7403 3
7404 5
7405 4
7406 4
7407 2
7408 3
7409 2
7410 2
7411 3
7412 5
7413 1
7414 8
7415 5
7416 6
7417 3
7418 6
7419 3
7420 4
7421 5
7422 5
7423 3
7424 2
7425 4
7426 5
7427 2
7428 5
7429 5
7430 2
7431 6
7432 2
7433 5
7434 5
7435 3
7436 5
7437 6
7438 3
7439 2
7440 3
7441 3
7442 5
7443 7
7444 3
7446 4
7447 3
7448 5
7449 5
7450 5
7451 5
7452 5
7453 4
7454 6
7455 5
7456 2
7457 3
7458 5
7459 2
7460 2
7461 8
7462 5
7463 4
7464 3
7465 3
7466 4
7467 4
7468 4
7469 3
7470 2
7471 7
7472 6
7473 2
7474 5
7475 6
7476 5
7477 5
7478 4
7479 5
7480 5
7482 2
7483 4
7484 4
7485 5
7486 5
7487 3
7490 5
7491 4
7493 5
7494 4
7495 5
7496 4
7497 2
7498 2
7499 7
7500 5
7501 5
7502 7
7503 6
7504 6
7505 4
7506 3
7507 5
7508 5
7509 5
7510 5
7511 4
7512 5
7514 2
7515 1
7516 5
7517 4
7518 7
7519 5
7520 5
7521 3
7522 4
7523 2
7524 3
7525 5
7526 5
7527 3
7528 4
7529 6
7530 5
7531 5
7532 5
7533 3
7534 4
7535 5
7536 4
7537 6
7538 5
7539 3
7540 4
7541 3
7542 5
7543 4
7544 4
7545 4
7546 3
7547 7
7548 3
7549 5
7550 6
7551 3
7552 4
7553 5
7554 7
7555 2
7556 4
7557 2
7558 4
7559 3
7560 8
7561 4
7562 5
7563 3
7564 3
7565 2
7566 7
7567 6
7568 3
7569 5
7571 3
7572 2
7573 3
7574 5
7575 3
7576 6
7577 3
7578 6
7579 3
7580 2
7581 4
7582 4
7583 3
7584 5
7585 8
7586 6
7587 2
7588 3
7589 6
7590 2
7591 4
7592 3
7593 4
7594 2
7595 2
7596 3
7597 4
7598 5
7599 2
7600 6
7601 5
7602 4
7603 3
7604 6
7605 5
7606 7
7607 4
7608 2
7609 2
7610 5
7611 3
7612 4
7613 5
7614 3
7615 3
7616 5
7617 2
7618 7
7619 5
7620 4
7621 4
7622 5
7623 4
7624 4
7625 2
7626 4
7627 3
7629 2
7630 3
7631 4
7632 4
7633 3
7634 5
7635 6
7636 4
7638 3
7639 5
7640 5
7641 3
7642 5
7643 5
7644 2
7645 3
7646 4
7647 4
7648 4
7649 3
7650 5
7651 2
7652 2
7653 2
7654 4
7655 5
7656 5
7657 7
7658 4
7659 5
7660 3
7661 2
7662 8
7663 2
7664 2
7665 3
7666 3
7667 4
7668 2
7669 4
7670 3
7671 2
7672 5
7673 3
7674 3
7675 2
7676 5
7677 5
7678 4
7679 3
7680 3
7681 2
7682 3
7683 5
7684 3
7685 4
7686 2
7687 4
7688 5
7689 4
7690 5
7691 4
7692 7
7693 5
7694 4
7695 3
7696 4
7698 5
7700 7
7701 6
7702 5
7703 4
7704 4
7705 6
7706 4
7707 5
7708 4
7709 7
7710 4
7711 3
7712 4
7713 5
7714 4
7716 4
7717 5
7718 6
7719 5
7720 5
7721 6
7723 4
7724 7
7725 4
7726 4
7727 5
7728 5
7729 3
7730 5
7731 3
7733 5
7734 4
7735 5
7737 5
7738 6
7739 8
7740 6
7741 5
7742 5
7743 4
7744 3
7745 4
7746 7
7747 4
7748 4
7749 6
7750 5
7751 6
7752 3
7753 5
7754 5
7755 2
7756 7
7757 4
7758 3
7759 3
7760 4
7761 4
7762 3
7763 4
7764 3
7765 7
7766 4
7767 6
7768 4
7769 4
7770 5
7771 5
7772 5
7773 4
7774 5
7775 3
7776 2
7777 6
7778 3
7779 4
7780 5
7781 1
7782 5
7783 5
7784 6
7785 5
7786 4
7787 2
7788 5
7789 2
7790 6
7791 5
7792 6
7793 3
7794 3
7795 3
7796 2
7797 6
7798 4
7799 4
7800 5
7801 3
7802 5
7804 2
7805 4
7806 2
7807 2
7809 7
7810 6
7811 2
7812 2
7813 5
7814 8
7815 3
7816 2
7817 5
7818 5
7819 8
7820 3
7821 3
7822 6
7823 3
7824 6
7825 4
7826 3
7827 6
7828 4
7829 3
7830 3
7831 2
7832 2
7833 3
7834 3
7835 3
7836 5
7837 5
7838 4
7839 3
7840 3
7841 5
7842 5
7843 4
7844 4
7845 5
7846 6
7847 4
7848 3
7849 6
7850 5
7851 5
7852 5
7853 3
7854 5
7855 6
7856 4
7857 4
7858 3
7859 8
7860 5
7861 3
7862 5
7863 1
7864 5
7865 1
7866 5
7867 6
7868 5
7869 2
7870 4
7871 4
7872 2
7873 4
7874 7
7875 4
7876 3
7877 2
7878 4
7879 5
7880 7
7881 2
7882 4
7883 5
7884 2
7885 4
7886 5
7888 2
7889 2
7890 4
7891 2
7892 3
7893 3
7894 3
7895 4
7896 5
7897 3
7898 3
7899 2
7900 4
7901 7
7902 5
7903 4
7904 5
7905 5
7906 2
7907 2
7908 5
7909 5
7910 5
7911 3
7912 6
7913 5
7914 5
7915 2
7916 4
7917 2
7919 6
7920 4
7921 3
7922 5
7923 6
7924 3
7925 5
7926 4
7927 5
7928 5
7929 4
7930 4
7931 5
7932 4
7933 2
7934 4
7935 5
7936 5
7937 5
7938 2
7939 5
7940 4
7941 3
7942 6
7943 7
7944 2
7945 2
7946 7
7947 4
7948 5
7949 2
7950 5
7951 5
7952 5
7953 4
7954 2
7955 2
7956 4
7957 4
7958 2
7959 3
7960 7
7961 2
7962 3
7963 3
7964 4
7965 5
7966 2
7967 4
7968 2
7969 2
7970 6
7971 3
7972 5
7973 5
7974 5
7975 5
7976 4
7977 5
7978 5
7979 7
7980 5
7981 4
7982 7
7983 5
7984 3
7985 4
7986 3
7987 2
7988 7
7989 5
7990 7
7991 7
7992 2
7993 2
7994 3
7995 4
7997 4
7998 4
7999 3
8000 6
8001 4
8002 3
8003 3
8004 5
8005 3
8006 3
8007 4
8008 5
8009 4
8010 4
8011 5
8012 5
8013 6
8014 6
8015 5
8016 4
8017 6
8018 2
8019 5
8020 4
8021 2
8022 4
8023 5
8024 2
8025 4
8026 3
8027 2
8028 2
8029 5
8030 3
8031 2
8032 2
8033 5
8034 2
8035 2
8036 3
8037 5
8038 2
8039 3
8040 3
8041 5
8042 5
8043 5
8044 4
8045 3
8046 2
8047 3
8048 3
8049 3
8050 6
8051 3
8052 2
8053 2
8054 4
8055 3
8056 6
8057 2
8058 5
8059 5
8060 4
8061 2
8062 8
8063 7
8064 5
8065 4
8067 3
8068 5
8069 2
8070 2
8071 4
8072 5
8073 4
8074 5
8075 7
8076 3
8077 4
8078 3
8079 4
8080 4
8081 2
8082 1
8083 2
8084 3
8085 2
8086 2
8087 3
8088 4
8089 4
8090 4
8091 4
8092 1
8093 3
8094 3
8095 4
8096 5
8097 3
8098 7
8099 5
8100 5
8101 7
8102 4
8103 7
8104 5
8105 3
8106 3
8107 3
8109 2
8110 3
8111 5
8112 5
8113 4
8114 5
8115 6
8116 6
8117 5
8118 3
8119 5
8120 5
8121 7
8122 5
8123 3
8124 5
8125 2
8126 7
8127 7
8128 3
8129 5
8130 4
8131 5
8132 3
8133 5
8134 5
8136 4
8137 6
8138 6
8139 4
8140 4
8141 2
8142 3
8143 2
8144 5
8145 7
8146 3
8147 5
8148 3
8149 4
8150 4
8151 6
8152 2
8153 6
8154 6
8155 5
8156 3
8157 3
8158 5
8159 5
8160 4
8161 5
8162 6
8163 3
8164 4
8165 4
8166 6
8167 5
8168 5
8169 5
8170 7
8171 4
8172 5
8173 5
8174 4
8175 5
8176 5
8177 4
8178 5
8179 7
8180 5
8181 5
8182 3
8183 4
8184 5
8185 2
8186 2
8187 3
8188 7
8189 5
8190 5
8191 4
8192 3
8194 7
8195 3
8196 2
8197 2
8199 5
8200 4
8201 4
8202 6
8203 2
8204 3
8205 3
8206 2
8207 5
8208 5
8209 2
8210 2
8211 3
8212 5
8213 6
8214 4
8215 3
8216 5
8217 2
8218 4
8219 3
8220 3
8221 2
8222 5
8223 7
8224 2
8225 5
8226 6
8227 2
8228 4
8229 2
8230 6
8231 4
8232 5
8233 6
8234 5
8235 3
8236 6
8237 1
8238 7
8239 4
8240 5
8241 2
8242 3
8243 5
8244 4
8245 5
8246 3
8247 4
8248 5
8249 4
8250 4
8251 4
8252 5
8253 4
8254 3
8255 3
8256 4
8257 2
8258 4
8259 3
8260 4
8261 4
8262 5
8263 4
8264 3
8265 3
8266 4
8267 7
8268 4
8269 5
8270 5
8271 6
8272 8
8273 4
8274 2
8275 5
8276 3
8277 5
8278 4
8279 5
8280 5
8281 3
8282 6
8283 3
8284 5
8285 5
8286 5
8287 6
8288 3
8289 5
8290 5
8291 3
8292 5
8293 2
8294 4
8295 3
8296 2
8297 3
8298 2
8299 3
8300 4
8301 6
8302 4
8303 2
8304 6
8305 2
8306 3
8307 4
8308 6
8309 4
8310 5
8311 3
8312 2
8313 7
8314 2
8315 6
8316 4
8317 2
8318 4
8319 4
8320 3
8321 2
8322 5
8323 5
8324 5
8325 2
8326 3
8327 5
8328 2
8329 6
8330 2
8331 4
8332 5
8333 3
8334 4
8335 5
8336 4
8337 5
8338 2
8339 2
8340 3
8341 5
8342 5
8344 5
8345 2
8346 4
8347 5
8348 5
8349 4
8350 4
8351 2
8352 5
8354 4
8355 5
8356 3
8357 5
8358 3
8359 5
8360 6
8361 5
8362 2
8363 5
8364 5
8365 4
8366 2
8367 3
8368 3
8369 5
8370 3
8371 7
8372 4
8373 2
8374 3
8375 3
8376 4
8377 3
8378 5
8379 5
8380 3
8381 2
8382 5
8383 5
8384 4
8385 4
8386 3
8387 4
8388 5
8389 2
8390 5
8391 7
8392 5
8393 3
8394 4
8395 4
8397 4
8398 4
8399 6
8400 2
8401 6
8402 5
8403 5
8404 4
8405 2
8406 5
8407 7
8408 3
8409 5
8410 5
8411 5
8412 3
8413 4
8414 4
8415 3
8416 4
8417 4
8418 2
8419 4
8420 6
8421 4
8423 3
8424 2
8425 4
8426 6
8427 2
8428 4
8429 4
8430 5
8431 3
8432 3
8433 4
8434 2
8435 2
8436 2
8437 3
8438 2
8439 3
8440 6
8441 5
8442 3
8443 2
8444 6
8445 3
8446 5
8447 5
8448 2
8449 2
8450 4
8451 4
8452 6
8453 3
8454 2
8455 5
8456 4
8457 5
8459 3
8460 7
8461 3
8462 5
8463 3
8464 3
8465 5
8466 3
8467 5
8468 4
8469 5
8470 3
8471 5
8472 4
8473 3
8474 5
8475 4
8476 4
8477 4
8478 5
8479 4
8480 3
8481 4
8482 2
8483 3
8484 4
8485 3
8486 5
8487 6
8488 3
8489 4
8490 5
8491 5
8492 5
8493 5
8494 4
8495 4
8496 5
8497 4
8498 4
8499 4
8500 5
8501 4
8502 4
8504 4
8505 4
8506 4
8507 3
8508 4
8509 6
8510 6
8511 4
8512 5
8513 5
8515 3
8516 4
8517 6
8518 4
8519 4
8520 5
8521 5
8522 3
8523 4
8524 2
8525 4
8526 3
8527 3
8528 5
8529 2
8530 5
8531 3
8532 5
8533 8
8534 3
8535 4
8538 5
8539 5
8540 4
8541 3
8542 6
8543 5
8544 3
8545 4
8546 4
8547 5
8549 3
8550 2
8551 5
8552 4
8554 4
8555 5
8556 3
8557 4
8558 5
8559 5
8560 5
8561 2
8562 3
8563 6
8564 4
8565 7
8566 3
8567 6
8569 5
8570 8
8572 5
8573 8
8574 7
8575 5
8576 4
8577 4
8578 8
8579 4
8580 2
8581 4
8582 3
8583 4
8584 3
8585 4
8586 5
8587 5
8588 4
8589 4
8590 3
8591 4
8592 3
8593 5
8594 4
8595 3
8596 4
8597 7
8598 5
8599 4
8600 5
8601 5
8602 5
8603 3
8604 4
8606 4
8608 7
8609 5
8610 3
8611 5
8612 4
8613 7
8614 7
8615 5
8616 5
8617 3
8618 4
8619 6
8620 4
8621 4
8622 4
8623 5
8624 4
8625 4
8626 4
8627 4
8628 3
8629 3
8630 4
8631 5
8632 6
8633 7
8634 4
8635 4
8636 6
8637 5
8638 4
8639 7
8640 7
8641 4
8642 4
8643 5
8644 5
8645 7
8648 4
8649 4
8650 5
8651 2
8652 6
8653 4
8655 6
8656 6
8657 4
8658 4
8659 6
8660 3
8661 6
8662 4
8663 5
8664 3
8665 4
8666 4
8667 3
8668 4
8669 4
8670 3
8671 3
8672 5
8673 3
8674 4
8675 4
8676 6
8677 3
8678 5
8679 5
8680 4
8681 5
8682 5
8683 3
8684 4
8685 3
8686 4
8687 6
8688 4
8689 5
8690 5
8691 5
8692 5
8694 5
8695 5
8696 8
8698 5
8699 4
8700 3
8701 5
8702 2
8704 3
8705 5
8706 2
8707 5
8709 3
8710 4
8711 4
8712 4
8713 5
8714 5
8715 5
8716 6
8717 3
8718 3
8719 7
8720 5
8721 3
8722 4
8723 4
8724 5
8725 4
8726 2
8727 4
8728 3
8729 4
8730 3
8731 5
8732 2
8733 5
8734 5
8735 2
8736 6
8737 4
8738 5
8739 4
8740 6
8741 4
8742 4
8743 3
8744 3
8745 2
8746 4
8747 6
8749 5
8750 7
8751 2
8752 3
8753 5
8754 4
8755 5
8756 4
8757 6
8758 4
8759 3
8760 4
8761 4
8762 2
8763 5
8764 4
8765 3
8766 3
8767 5
8768 7
8769 4
8770 4
8771 3
8772 3
8773 5
8774 2
8775 3
8776 5
8777 2
8778 3
8780 2
8781 4
8782 3
8783 4
8784 3
8785 4
8786 5
8787 3
8788 4
8789 4
8790 5
8791 4
8792 4
8793 6
8794 2
8795 5
8796 5
8797 2
8798 5
8799 4
8800 3
8801 5
8802 5
8803 2
8804 5
8805 5
8806 3
8807 7
8808 5
8809 2
8810 5
8811 4
8812 3
8813 3
8814 3
8815 5
8816 5
8817 4
8818 4
8819 3
8820 3
8821 4
8822 4
8823 2
8824 4
8825 5
8826 4
8827 3
8828 4
8829 5
8830 4
8831 5
8832 5
8833 4
8834 3
8835 3
8836 3
8837 5
8838 5
8839 3
8840 6
8841 3
8842 4
8843 4
8844 5
8845 5
8846 2
8847 5
8848 5
8849 5
8850 4
8851 2
8852 2
8853 3
8854 5
8855 4
8856 4
8857 3
8858 4
8859 2
8860 3
8861 3
8862 3
8863 4
8864 6
8865 4
8866 3
8867 4
8868 2
8869 6
8870 3
8871 4
8872 4
8873 3
8874 4
8875 2
8876 3
8877 6
8878 5
8880 3
8881 2
8882 6
8883 2
8884 3
8885 4
8886 6
8887 3
8888 4
8889 2
8890 3
8891 5
8892 4
8893 5
8894 4
8895 6
8896 4
8897 3
8898 4
8899 4
8900 3
8901 2
8902 4
8903 2
8904 3
8905 3
8906 5
8907 3
8908 4
8909 5
8910 5
8911 5
8912 6
8913 6
8914 5
8915 8
8916 3
8917 2
8918 2
8919 2
8920 5
8921 4
8922 4
8923 5
8924 3
8925 3
8926 5
8927 2
8928 2
8929 3
8930 2
8931 3
8932 5
8933 6
8934 2
8935 2
8936 4
8937 5
8938 7
8939 4
8940 4
8941 3
8942 4
8943 5
8944 2
8945 7
8946 4
8947 4
8948 5
8949 2
8950 3
8951 6
8952 4
8953 3
8954 6
8955 5
8956 1
8957 6
8958 3
8959 4
8960 6
8961 4
8962 4
8963 4
8964 5
8965 3
8966 5
8967 3
8968 4
8969 3
8970 5
8971 5
8972 5
8973 3
8974 3
8975 4
8977 5
8978 4
8979 3
8980 5
8981 8
8982 3
8983 4
8984 5
8985 2
8986 4
8987 5
8988 3
8989 7
8990 7
8991 4
8992 2
8993 3
8994 5
8995 2
8996 3
8997 3
8998 2
8999 3
9000 2
9001 4
9002 5
9003 6
9004 4
9005 3
9006 2
9007 4
9008 5
9009 3
9010 6
9011 3
9012 3
9013 5
9014 3
9015 5
9016 5
9017 2
9018 6
9019 6
9020 3
9021 5
9022 7
9023 4
9024 2
9025 2
9026 3
9027 6
9028 2
9029 5
9030 5
9031 3
9032 4
9033 3
9034 3
9035 7
9036 3
9037 4
9038 3
9039 3
9040 4
9041 4
9042 2
9043 3
9044 4
9045 6
9046 7
9047 5
9048 6
9049 2
9050 6
9051 4
9052 4
9053 4
9054 4
9055 3
9056 4
9057 4
9058 4
9059 4
9060 4
9061 4
9062 2
9063 2
9064 6
9065 5
9066 2
9067 5
9068 3
9069 7
9070 4
9071 3
9072 3
9073 3
9074 4
9075 7
9076 6
9077 4
9078 4
9079 2
9080 3
9081 3
9082 6
9083 2
9084 4
9085 6
9086 3
9087 4
9088 5
9089 4
9090 3
9091 2
9092 6
9093 5
9094 5
9095 3
9096 4
9098 5
9099 4
9100 7
9102 6
9103 5
9104 3
9105 5
9106 5
9107 4
9108 4
9109 6
9110 5
9112 5
9113 4
9114 6
9115 3
9116 4
9117 4
9118 5
9119 6
9121 6
9122 5
9123 4
9124 4
9125 6
9126 4
9127 5
9128 5
9129 5
9130 2
9131 8
9132 6
9133 4
9134 7
9137 5
9138 5
9139 6
9140 4
9141 3
9142 5
9143 4
9144 4
9145 3
9146 5
9147 4
9148 7
9149 4
9150 5
9151 5
9152 7
9154 6
9155 4
9156 5
9157 3
9158 4
9159 5
9160 5
9161 5
9162 4
9164 6
9165 6
9166 4
9167 5
9168 2
9169 3
9170 4
9171 4
9172 3
9173 5
9175 5
9176 7
9177 7
9178 2
9179 5
9180 3
9181 5
9182 2
9183 4
9184 4
9185 4
9186 2
9187 4
9188 6
9189 2
9190 6
9191 5
9192 2
9193 4
9194 3
9195 3
9196 4
9197 3
9198 5
9199 4
9200 3
9201 5
9202 5
9203 2
9204 3
9205 4
9206 2
9207 6
9208 5
9209 3
9210 5
9211 5
9212 2
9213 3
9214 3
9215 4
9216 2
9217 3
9218 5
9219 5
9220 4
9221 3
9222 5
9223 5
9224 5
9225 2
9226 4
9227 5
9228 2
9229 2
9230 3
9231 6
9232 4
9233 5
9234 4
9235 5
9236 2
9237 5
9238 6
9239 5
9240 6
9241 4
9242 5
9243 2
9244 2
9245 3
9246 4
9247 5
9248 3
9249 2
9250 3
9251 5
9252 4
9253 2
9254 2
9255 5
9256 6
9257 5
9258 1
9259 4
9260 5
9261 3
9262 5
9263 5
9264 2
9265 5
9266 5
9267 4
9268 6
9269 3
9270 6
9271 5
9272 6
9273 4
9274 3
9275 5
9276 5
9277 5
9278 5
9279 3
9280 3
9281 4
9282 5
9283 5
9284 4
9285 1
9286 3
9287 4
9288 3
9289 5
9290 3
9291 5
9292 3
9293 5
9294 5
9295 3
9296 4
9297 2
9298 2
9299 5
9300 4
9301 4
9302 4
9303 2
9304 5
9305 5
9306 2
9307 5
9308 4
9309 2
9310 4
9312 3
9313 2
9314 1
9315 3
9316 3
9317 4
9318 3
9319 6
9320 2
9321 2
9322 5
9323 3
9324 3
9325 3
9326 6
9327 3
9328 4
9329 6
9330 4
9331 2
9332 3
9333 6
9334 4
9335 4
9336 3
9337 6
9338 5
9339 2
9340 3
9341 5
9342 4
9343 4
9344 5
9345 2
9346 5
9347 5
9348 6
9349 5
9350 2
9351 7
9352 2
9353 5
9354 3
9355 2
9356 3
9357 2
9358 2
9359 7
9360 1
9361 2
9362 5
9363 6
9364 3
9365 2
9366 4
9367 6
9368 2
9369 6
9370 2
9371 5
9372 5
9373 4
9374 5
9375 5
9376 2
9377 5
9378 5
9379 5
9380 4
9381 4
9382 2
9383 5
9384 5
9385 4
9386 4
9387 5
9388 5
9389 3
9390 5
9391 3
9392 5
9393 6
9394 2
9395 5
9396 5
9397 5
9398 4
9399 5
9400 3
9401 3
9402 5
9403 4
9404 3
9405 4
9406 4
9407 5
9408 5
9409 2
9410 2
9411 2
9412 6
9413 3
9414 2
9415 5
9416 1
9417 2
9418 2
9419 5
9420 5
9421 6
9422 2
9423 5
9424 3
9425 2
9426 2
9427 3
9428 4
9429 5
9430 5
9431 5
9432 6
9433 4
9434 3
9435 5
9436 5
9437 2
9438 5
9439 3
9440 2
9441 2
9442 5
9443 4
9444 2
9445 5
9446 4
9447 3
9448 5
9449 3
9450 6
9451 5
9452 4
9453 4
9454 3
9455 5
9456 5
9457 3
9458 5
9459 4
9460 7
9461 6
9462 5
9463 5
9464 3
9465 4
9466 6
9467 4
9468 5
9469 6
9470 6
9471 2
9472 4
9473 4
9474 4
9475 3
9476 2
9477 6
9478 2
9479 4
9480 5
9481 7
9482 4
9483 3
9484 5
9485 6
9486 2
9487 3
9488 6
9489 5
9490 4
9491 5
9492 6
9493 4
9494 5
9495 3
9496 4
9497 5
9498 5
9499 5
9500 6
9501 6
9502 5
9503 2
9504 5
9505 5
9506 4
9507 2
9508 4
9509 4
9510 3
9511 5
9512 5
9513 6
9514 3
9515 4
9516 2
9517 4
9518 4
9519 3
9520 5
9521 4
9522 5
9523 3
9524 6
9525 3
9526 3
9527 5
9528 5
9529 6
9530 5
9531 5
9532 4
9533 3
9534 5
9535 4
9536 4
9537 5
9538 4
9539 4
9540 6
9541 3
9542 6
9543 2
9544 4
9545 3
9546 6
9547 5
9549 5
9550 5
9551 2
9552 4
9553 5
9554 3
9556 5
9557 4
9558 5
9559 6
9560 5
9561 5
9562 5
9563 5
9564 6
9565 5
9566 6
9567 4
9568 2
9569 4
9570 4
9571 4
9572 3
9573 2
9574 5
9575 5
9576 5
9577 4
9578 4
9579 4
9580 5
9581 4
9582 3
9583 4
9584 4
9585 4
9586 4
9587 3
9588 4
9589 5
9590 5
9591 5
9592 4
9593 4
9594 4
9595 5
9596 6
9597 3
9598 5
9599 4
9600 6
9601 3
9602 3
9603 3
9604 3
9605 4
9606 4
9607 5
9608 2
9609 3
9610 4
9611 4
9612 4
9613 4
9614 3
9615 3
9616 8
9617 5
9618 5
9620 7
9621 4
9622 3
9623 4
9624 3
9625 7
9626 7
9627 3
9628 5
9629 4
9630 4
9631 3
9632 4
9633 4
9634 2
9635 3
9636 5
9637 2
9638 5
9639 2
9640 2
9641 2
9642 3
9643 3
9644 2
9645 4
9646 6
9647 3
9648 4
9649 6
9650 3
9651 4
9652 4
9653 5
9654 5
9655 7
9656 3
9657 2
9658 4
9659 6
9660 5
9661 4
9662 2
9663 4
9664 5
9665 2
9666 3
9667 5
9668 1
9669 5
9670 5
9671 3
9672 2
9673 3
9674 3
9675 5
9676 6
9677 7
9678 5
9679 4
9680 4
9681 6
9682 5
9683 5
9684 7
9685 4
9686 5
9687 5
9688 5
9689 4
9690 6
9691 2
9692 6
9693 4
9694 3
9695 3
9696 4
9697 5
9698 2
9699 2
9700 4
9701 3
9702 2
9703 2
9704 6
9705 5
9706 5
9707 7
9708 2
9709 8
9710 8
9711 4
9712 7
9713 5
9714 6
9715 3
9716 4
9717 4
9718 5
9719 2
9720 3
9721 3
9722 4
9723 3
9724 4
9725 2
9726 8
9727 5
9728 5
9729 6
9730 5
9731 3
9732 4
9733 4
9734 5
9735 5
9736 3
9737 4
9738 3
9739 6
9740 6
9742 4
9743 4
9744 7
9745 4
9746 8
9747 3
9748 3
9749 3
9750 3
9751 4
9752 4
9753 3
9754 3
9755 4
9756 4
9757 3
9758 3
9759 6
9760 5
9761 4
9762 4
9763 5
9764 6
9765 5
9766 7
9767 4
9768 6
9769 4
9770 2
9771 3
9772 4
9774 6
9775 7
9776 2
9777 4
9778 5
9779 4
9780 6
9781 2
9782 5
9783 4
9784 2
9785 3
9786 3
9787 3
9788 3
9789 4
9790 4
9791 2
9792 4
9793 3
9794 3
9795 3
9796 2
9797 4
9798 4
9799 4
9800 6
9801 5
9802 4
9803 5
9804 3
9805 3
9806 6
9807 4
9808 4
9809 5
9810 6
9811 4
9812 3
9813 6
9814 6
9815 2
9816 3
9817 7
9818 3
9819 7
9820 4
9821 4
9822 4
9823 7
9824 8
9825 4
9826 5
9828 5
9829 3
9830 3
9831 3
9832 4
9833 4
9834 5
9835 3
9836 4
9837 4
9838 4
9839 4
9840 4
9841 4
9842 4
9843 4
9844 5
9845 3
9846 3
9847 4
9848 3
9849 3
9850 2
9851 5
9852 7
9853 5
9855 5
9857 4
9858 5
9859 4
9860 5
9861 5
9862 5
9863 4
9864 6
9865 4
9866 5
9867 4
9868 4
9869 3
9870 3
9871 4
9872 5
9873 5
9874 4
9875 4
9876 4
9877 6
9878 6
9879 6
9880 5
9881 5
9882 5
9883 4
9884 5
9885 5
9886 4
9887 4
9888 5
9890 5
9891 4
9892 3
9893 2
9894 3
9895 4
9896 5
9897 4
9898 5
9899 4
9900 5
9901 5
9902 7
9903 4
9904 3
9905 6
9906 4
9907 2
9909 3
9910 3
9911 4
9912 5
9913 4
9914 4
9915 3
9916 5
9917 4
9918 4
9919 5
9920 8
9921 3
9922 4
9923 5
9924 5
9926 3
9927 4
9928 5
9929 5
9931 4
9932 4
9933 3
9934 6
9935 5
9936 3
9937 3
9938 4
9939 5
9940 3
9941 2
9942 4
9943 4
9945 6
9946 4
9947 4
9948 3
9949 7
9950 4
9951 5
9952 5
9953 5
9954 7
9955 4
9956 5
9957 3
9958 4
9959 5
9961 6
9962 2
9963 4
9964 4
9965 3
9966 4
9967 3
9968 6
9969 6
9970 5
9973 5
9974 3
9975 3
9977 4
9978 2
9979 6
9980 4
9981 4
9982 4
9983 5
9984 5
9985 4
9987 4
9988 4
9989 5
9990 4
9991 4
9992 5
9993 5
9994 4
9995 3
9996 4
9997 3
9998 5
9999 4
10000 5
10001 5
10002 5
10003 5
10004 3
10005 3
10006 3
10007 5
10008 5
10009 4
10010 3
10011 2
10012 4
10013 3
10014 4
10015 4
10016 6
10017 2
10018 5
10019 4
10020 4
10021 4
10022 3
10023 2
10024 3
10025 3
10026 3
10027 3
10028 2
10029 5
10030 2
10031 2
10032 5
10033 4
10034 4
10035 4
10036 4
10037 3
10038 3
10039 5
10040 5
10041 2
10042 4
10043 2
10044 6
10046 4
10047 5
10048 3
10049 3
10050 5
10051 4
10052 3
10053 4
10055 5
10056 3
10057 4
10058 4
10059 2
10060 6
10061 4
10062 3
10063 3
10064 4
10065 5
10066 4
10067 4
10068 3
10069 4
10070 4
10071 5
10072 5
10073 4
10074 5
10075 4
10076 3
10077 4
10078 5
10079 4
10080 4
10081 4
10082 5
10083 4
10084 5
10085 4
10086 4
10087 3
10088 6
10089 2
10090 5
10091 5
10092 5
10093 4
10095 3
10096 1
10097 4
10098 5
10099 5
10100 2
10101 6
10102 8
10103 2
10104 5
10105 4
10106 5
10107 5
10108 4
10109 5
10110 5
10111 5
10112 4
10113 5
10114 2
10115 4
10116 1
10117 5
10118 5
10119 3
10120 6
10121 3
10122 6
10123 3
10124 4
10125 6
10126 6
10127 5
10128 5
10129 4
10130 5
10131 6
10132 2
10133 3
10134 3
10135 2
10136 4
10137 6
10138 3
10139 4
10141 3
10142 4
10143 5
10144 3
10145 5
10146 2
10147 3
10148 6
10149 7
10150 6
10151 5
10152 3
10153 2
10154 3
10155 2
10156 2
10157 2
10158 5
10159 5
10160 2
10161 5
10162 5
10163 3
10164 3
10165 5
10166 6
10167 3
10168 6
10169 7
10170 3
10171 7
10172 4
10173 3
10174 7
10175 3
10176 2
10177 6
10178 5
10179 2
10180 5
10181 7
10182 5
10183 4
10184 3
10185 3
10187 5
10188 4
10189 8
10190 3
10191 6
10192 5
10193 5
10194 4
10195 3
10196 3
10197 2
10198 5
10199 4
10200 4
10201 3
10202 4
10203 6
10204 3
10205 2
10206 2
10207 4
10208 4
10209 3
10210 5
10211 5
10212 6
10213 5
10214 2
10215 5
10216 2
10217 3
10218 4
10219 7
10220 5
10221 5
10222 2
10223 3
10224 6
10225 6
10226 5
10227 2
10228 4
10229 4
10230 2
10231 3
10232 6
10233 5
10234 3
10235 5
10236 3
10237 2
10238 5
10239 5
10240 4
10241 4
10242 5
10243 5
10244 2
10245 4
10246 5
10247 3
10249 2
10250 2
10251 6
10252 7
10253 5
10254 3
10255 3
10256 2
10257 6
10258 4
10259 6
10260 7
10261 2
10262 3
10263 2
10264 3
10265 7
10266 2
10267 3
10268 2
10269 2
10270 4
10272 2
10273 4
10274 3
10275 2
10276 6
10277 3
10278 4
10279 4
10280 3
10281 2
10282 5
10283 3
10284 3
10285 7
10286 6
10287 5
10288 3
10289 5
10290 3
10291 6
10292 6
10293 5
10294 5
10295 4
10296 3
10297 4
10298 2
10299 5
10300 2
10301 2
10302 2
10304 3
10305 2
10306 4
10307 6
10308 3
10309 7
10310 5
10311 4
10312 6
10313 7
10314 6
10315 6
10316 3
10317 4
10318 2
10319 2
10320 4
10321 5
10322 5
10323 4
10324 7
10325 4
10326 8
10327 5
10328 5
10329 5
10330 5
10331 4
10332 2
10333 5
10334 5
10335 2
10336 5
10337 5
10338 5
10339 5
10340 2
10341 6
10342 2
10343 2
10344 5
10345 4
10346 4
10347 5
10348 4
10349 3
10350 5
10351 6
10352 7
10353 5
10354 3
10355 2
10356 3
10357 4
10358 4
10359 5
10360 4
10362 4
10363 3
10364 5
10365 5
10366 4
10367 4
10368 8
10369 5
10370 5
10371 4
10372 3
10373 2
10374 4
10375 7
10376 4
10378 3
10379 5
10380 7
10381 8
10382 3
10383 5
10384 5
10385 3
10386 4
10387 3
10388 5
10389 5
10390 4
10391 5
10392 4
10393 5
10394 6
10395 5
10396 5
10397 5
10398 3
10399 5
10400 7
10401 4
10402 6
10403 7
10404 5
10405 5
10406 3
10407 3
10408 3
10409 3
10410 3
10411 5
10412 3
10413 5
10414 4
10415 4
10416 6
10417 6
10418 5
10419 4
10420 5
10421 4
10422 4
10423 6
10424 3
10425 6
10426 6
10427 4
10428 4
10429 5
10430 5
10431 4
10432 5
10433 4
10434 5
10435 2
10436 5
10437 5
10438 3
10439 7
10440 3
10441 3
10442 4
10443 2
10444 6
10445 5
10446 3
10447 2
10448 3
10449 3
10450 3
10451 6
10452 2
10453 2
10454 3
10455 5
10456 5
10457 5
10458 5
10459 2
10460 5
10461 4
10462 3
10463 3
10464 4
10465 4
10466 4
10467 4
10468 4
10469 1
10470 3
10471 5
10472 3
10473 3
10474 2
10475 2
10476 6
10477 4
10478 3
10479 6
10480 5
10481 3
10482 5
10483 5
10484 3
10485 2
10486 5
10487 5
10488 3
10489 5
10490 3
10491 5
10492 4
10493 2
10494 3
10495 5
10496 5
10497 5
10498 4
10499 5
10500 3
10501 3
10502 5
10503 2
10504 2
10505 4
10506 4
10507 2
10508 5
10509 5
10510 6
10511 4
10512 5
10513 6
10514 6
10515 3
10516 6
10517 2
10518 2
10519 3
10520 5
10521 5
10522 3
10523 2
10524 3
10525 6
10526 3
10527 6
10528 5
10529 3
10530 4
10531 4
10532 5
10533 6
10534 6
10535 3
10536 6
10537 3
10538 6
10539 2
10540 3
10541 6
10542 2
10543 3
10544 6
10545 2
10546 4
10547 5
10548 3
10549 2
10550 2
10551 4
10552 7
10553 2
10554 4
10555 5
10556 4
10557 4
10558 5
10559 2
10560 4
10561 2
10562 3
10563 4
10564 3
10565 3
10566 4
10567 6
10568 6
10569 5
10570 4
10571 3
10572 5
10573 2
10574 4
10575 4
10576 4
10577 5
10578 5
10579 4
10580 4
10581 5
10582 3
10583 5
10584 2
10585 2
10586 4
10587 5
10588 5
10589 4
10590 5
10591 6
10592 2
10593 3
10594 5
10595 3
10596 5
10597 1
10598 2
10599 5
10600 2
10601 4
10602 1
10603 2
10604 2
10605 2
10606 5
10607 3
10609 6
10610 4
10611 3
10612 4
10613 4
10614 4
10615 3
10616 2
10617 4
10618 3
10619 4
10620 5
10621 2
10622 3
10623 5
10624 5
10625 3
10626 5
10627 3
10628 2
10629 5
10630 2
10631 2
10632 5
10633 6
10634 5
10635 3
10636 3
10637 4
10638 4
10639 2
10640 8
10641 2
10642 3
10643 3
10644 5
10645 2
10646 6
10647 4
10648 8
10649 2
10650 3
10651 2
10652 4
10653 2
10654 3
10656 5
10657 6
10658 4
10659 5
10660 3
10661 5
10662 4
10663 3
10664 5
10665 5
10666 4
10667 4
10668 3
10669 5
10670 5
10671 5
10672 6
10673 2
10674 6
10675 3
10676 5
10677 4
10678 5
10679 3
10680 4
10681 5
10682 5
10683 2
10684 4
10685 5
10686 6
10687 4
10688 4
10689 5
10690 3
10691 7
10692 2
10693 4
10694 4
10695 3
10696 2
10697 4
10698 2
10699 5
10700 3
10701 3
10702 3
10703 4
10704 5
10705 1
10706 2
10707 4
10708 5
10709 2
10710 4
10711 3
10712 4
10713 5
10714 2
10715 4
10716 4
10717 3
10718 5
10719 4
10720 2
10721 5
10722 4
10723 2
10724 7
10725 6
10726 3
10727 3
