0 2258
1 1170
4 2361
5 1501
6 2307
7 2353
8 2398
9 2104
10 2447
11 123
12 2477
13 2523
14 2524
15 1336
16 2674
17 2683
18 223
19 2700
20 747
21 2799
22 2623
23 2893
24 2896
25 996
26 2319
27 2921
28 2923
29 1740
30 2912
31 2602
32 221
33 2725
34 2792
35 2744
36 2964
37 2997
38 2998
40 1148
41 3035
42 3041
43 705
44 324
45 3057
46 2688
47 2011
48 2810
49 3075
50 43
51 3081
52 3091
53 3097
54 2639
55 1411
56 3103
57 3112
58 3122
59 3131
60 3135
61 2725
62 761
63 2833
64 3148
65 2020
66 1531
67 1704
68 3174
70 2867
71 2662
72 2887
73 1867
74 3190
75 547
76 1476
77 3219
78 3220
79 3233
80 3238
81 3245
82 1111
83 2741
84 1041
85 3272
86 3273
88 3279
89 2089
90 3292
91 3296
92 3298
93 3303
94 3304
95 1389
96 3315
97 3322
98 2484
99 3333
100 3368
102 3383
103 394
104 3386
105 3367
106 3398
107 3404
108 3409
109 3216
110 1421
111 3421
112 3422
113 3430
114 1359
115 3439
116 310
117 2491
118 3459
119 1676
121 2069
122 3487
123 1345
124 3497
125 2974
127 1306
128 1115
129 3549
130 3552
131 3553
132 3555
133 2732
134 533
135 2833
137 3564
138 3568
139 2926
140 2760
141 571
142 3577
143 3579
144 2033
145 481
146 3607
147 3613
148 3629
149 2422
150 3171
151 3637
152 3639
153 3648
154 1320
156 3668
157 1663
158 3686
159 3652
160 3705
161 3706
162 3707
163 3709
164 3712
165 3713
166 1059
167 1429
169 3726
170 2935
171 3736
172 563
173 3746
174 3760
175 292
176 2606
177 277
178 417
180 1229
181 57
182 2185
183 3776
184 3777
185 699
186 3780
187 3155
188 1987
189 1793
190 341
191 3787
192 3793
193 701
194 3800
195 3801
196 3804
197 3813
198 3055
199 3815
200 3817
201 3824
202 1223
203 3826
204 628
205 3833
206 3835
207 3836
208 184
209 2665
210 2414
211 3839
212 2819
213 957
215 3862
216 3603
217 3867
218 3871
219 2830
220 1608
221 3880
222 3900
223 3903
224 3902
225 1367
226 3910
227 2206
228 3919
230 1192
231 3926
232 2444
233 3938
234 3943
235 1169
236 114
237 3947
238 3953
239 3954
240 442
241 3968
243 3971
244 3974
245 820
246 3977
247 3510
248 3984
249 3987
250 3988
251 3231
252 3992
253 3994
254 3047
255 1662
256 3998
257 4001
258 4003
259 2399
260 2516
261 4006
262 4008
263 2170
264 259
265 4024
266 439
267 3499
268 885
269 2723
270 4037
271 4038
272 4041
273 2817
274 3234
275 4056
276 2048
277 1925
278 2679
279 2980
280 4071
281 4075
282 238
283 4081
284 1371
286 4093
287 4094
289 4099
290 4102
291 2209
292 4109
293 1474
294 168
295 38
297 4118
298 4121
299 1782
302 4128
303 605
304 1012
305 4045
306 2234
307 345
308 2413
309 1696
310 630
311 1578
312 4152
313 2165
314 2843
315 4160
316 4161
317 4169
318 4173
319 4174
320 4177
321 4180
322 2058
323 3702
324 1910
325 4188
326 4191
327 2025
328 1578
329 2131
330 1406
331 4194
332 4203
333 367
334 4204
335 2037
336 200
337 4211
338 2935
340 858
341 4223
342 1474
343 2553
344 234
345 2882
346 4237
347 4239
349 426
350 3167
352 3389
353 4257
354 981
355 616
356 336
357 4265
358 4268
359 4283
360 4282
361 1293
362 4290
363 673
364 299
366 4299
367 219
369 2784
370 3205
371 4316
372 4320
373 4321
374 305
375 4326
376 380
377 4329
379 3302
380 4333
381 4334
382 4339
383 4342
384 2990
385 4343
386 4354
387 3241
388 4361
389 1804
390 3357
391 4369
392 4371
393 67
394 1655
395 232
396 4378
397 2871
398 196
399 4381
400 228
401 1563
402 4389
403 4393
405 194
406 1584
407 257
408 4408
409 346
410 4412
411 4414
412 134
413 4427
414 4428
415 2552
416 3015
417 1146
419 4444
420 4446
421 1834
422 2953
423 4458
424 2720
425 4464
426 1830
427 4466
428 4467
429 4490
431 389
432 4475
433 1454
434 4479
435 4480
436 4482
437 791
438 2030
439 4488
441 853
442 4500
443 2278
444 2763
445 1502
446 4501
447 4504
448 4503
449 3302
450 4506
451 1040
452 4513
453 595
454 1114
455 4518
456 2613
457 4495
458 1560
459 325
460 4522
461 1335
463 3241
464 2725
465 3134
466 4540
468 397
469 4557
470 4560
471 4568
472 2207
473 4572
474 3193
475 1265
476 4580
477 4584
478 360
479 2576
480 3028
482 4617
483 1566
484 4624
485 4628
486 4629
487 4630
488 2454
489 4633
490 4638
491 4644
492 4653
493 55
494 1841
495 4675
496 622
497 4667
498 2805
499 2870
500 802
501 4683
502 4684
503 4688
504 1723
505 4695
506 4718
507 4696
508 4699
509 4702
510 4703
511 4709
512 4708
513 4714
514 2762
515 4716
516 1269
517 2992
518 4722
519 2851
520 4726
521 4730
522 4741
523 1131
524 4757
525 4761
526 952
527 4769
528 4771
529 4775
530 4776
531 362
532 3093
533 4778
534 2929
535 4784
537 1917
538 543
539 4799
540 4800
541 608
542 4804
543 4807
544 4811
545 2904
546 704
547 4814
548 2689
549 849
550 4821
551 4832
552 4835
553 339
554 1774
555 4844
556 4847
558 99
559 2913
560 1260
561 4858
562 4861
563 4865
564 4867
565 4873
566 2916
567 4875
568 3166
569 898
570 1976
571 4898
572 4905
573 4907
574 4910
575 4914
576 3501
577 237
579 1206
580 4931
581 3110
582 4937
583 4940
584 1710
585 4941
586 4945
587 4949
588 253
589 4957
591 4969
593 4975
594 4977
595 2315
596 4981
597 4988
598 4990
599 4997
600 1258
601 5001
602 3047
603 597
604 5015
605 3121
606 3473
607 5021
608 5025
609 5035
610 5036
611 5042
612 5043
613 5044
615 275
616 5046
617 5049
618 3715
620 5052
621 327
622 5080
623 3349
625 5089
626 591
627 3560
628 3328
629 91
630 5105
631 5109
632 5110
633 5114
634 5121
636 3325
638 5134
639 260
640 5136
643 5139
644 4430
645 2868
646 5141
647 4909
648 240
649 5147
650 1707
651 5148
652 5152
653 310
654 5155
655 5158
656 2982
658 205
659 5172
660 2616
661 5181
662 5183
664 5188
666 216
667 2489
668 2726
669 2149
670 3052
673 275
674 5212
675 5213
676 5216
677 5220
678 5221
679 5225
680 5227
681 5230
682 5244
683 5251
684 5257
685 10
686 5268
687 960
688 5269
689 5273
690 5275
693 5033
694 5291
695 1109
696 5299
697 5300
698 5309
699 5312
700 185
701 5313
702 3262
703 5323
704 5328
705 5333
706 5335
707 3447
708 2730
709 527
710 3288
711 5352
712 909
713 353
715 5361
716 5384
717 5391
718 5392
719 3456
720 5401
721 5403
722 737
724 762
725 5409
726 5419
727 5423
728 1254
729 5428
730 5430
731 5434
732 2005
733 5441
734 654
735 5448
736 5462
737 5466
738 5468
739 5479
741 339
742 5492
743 1963
744 1829
745 5494
746 5503
747 1970
748 5512
749 1990
750 5174
751 5522
752 728
754 5536
755 5539
756 1445
757 165
758 1960
759 5162
760 1338
761 5558
762 5560
764 5561
765 5564
766 757
767 5565
769 5578
770 2848
771 5587
772 2944
773 5597
774 2495
775 1778
776 5601
778 5180
779 565
780 273
781 4328
782 5614
784 5623
785 12
786 5630
787 5634
788 1747
789 5636
790 2071
791 2184
792 5649
793 2186
794 5657
795 5669
796 5673
798 5675
799 5676
800 1960
801 2892
802 5696
803 5700
804 2115
805 5707
806 5713
808 5725
809 5256
810 5728
811 2754
812 630
813 2993
814 5740
815 5366
816 5751
817 5758
818 1825
819 5759
820 5767
821 5772
822 5223
823 5771
824 2065
825 5779
826 2982
827 2692
828 965
829 5786
830 5794
831 5796
832 1079
833 5806
834 2057
835 5808
836 5809
837 5810
838 3511
840 5382
841 1985
842 3429
843 5823
844 5829
845 5836
846 5769
848 5843
849 5847
850 1680
853 5124
854 5859
855 5861
857 5867
858 5870
859 842
860 4582
862 5878
863 5885
864 5886
865 5888
866 5889
867 5890
868 5246
869 5897
870 5846
871 2002
872 5904
873 5908
874 5913
875 1476
876 5917
877 5918
878 5922
879 5921
880 5930
881 5934
882 2159
883 5939
884 5938
885 2890
886 5955
887 2282
888 3391
889 1851
890 5382
891 5979
892 1745
893 248
894 5981
895 5982
896 5983
897 6000
898 2755
899 6006
900 2
901 6012
902 6014
903 5246
904 6023
905 6030
906 6038
907 2275
908 1299
909 3076
910 6044
911 1589
912 3032
913 6045
915 6048
916 824
917 1147
919 1189
920 578
921 2612
923 392
924 6070
925 971
926 2632
927 1638
928 6080
929 788
930 1529
931 1608
932 4742
933 2957
934 6095
935 2610
936 42
937 6099
939 6105
940 6107
941 1320
942 6109
943 404
944 2418
945 372
946 6126
947 6131
948 1771
949 908
950 6144
951 6146
952 529
953 1344
954 6151
955 1375
956 6161
957 6162
958 2810
959 5061
960 1472
961 6180
962 4608
963 577
964 2615
965 1140
966 3438
967 6191
968 6192
969 4921
970 4588
971 6203
972 6207
973 865
974 1111
975 6214
976 1790
977 6216
978 6220
979 1192
980 621
981 4947
982 6237
983 6238
984 3441
985 5375
986 6249
987 6250
988 2778
989 700
990 6259
992 1798
993 6261
994 5087
995 1791
996 1807
997 2461
998 6271
999 1180
1000 1772
1001 6287
1002 6292
1003 5061
1004 6296
1005 6304
1006 431
1007 6311
1008 938
1009 6318
1010 790
1011 2148
1012 3360
1013 6334
1014 6335
1015 6342
1016 1255
1018 3476
1019 457
1020 6351
1021 6359
1022 6366
1024 4165
1025 1089
1026 745
1027 6373
1028 2613
1029 6386
1030 6392
1031 6399
1032 6400
1033 6401
1034 6402
1035 6407
1036 6408
1037 6410
1038 665
1039 2512
1040 3560
1041 1271
1042 977
1043 6426
1044 6428
1045 6438
1046 6441
1047 6448
1048 6447
1049 2843
1050 617
1051 6463
1052 6464
1053 1156
1054 6465
1055 748
1056 665
1057 2981
1058 2243
1059 428
1060 6471
1061 6473
1062 4377
1063 834
1064 742
1065 334
1066 6481
1067 3472
1068 943
1069 2469
1070 5975
1071 749
1072 1890
1073 56
1074 1295
1075 2843
1077 755
1078 5107
1079 6511
1080 1573
1081 1612
1082 6515
1083 1863
1084 115
1085 6516
1086 5987
1087 2549
1088 3570
1089 1075
1091 1622
1092 6522
1093 6525
1094 1236
1095 6552
1096 6528
1097 6529
1098 2762
1099 6531
1100 6534
1101 534
1102 2190
1103 2323
1104 1708
1105 1660
1106 2613
1107 6568
1108 3467
1109 1923
1110 1311
1111 6573
1112 6574
1113 6578
1115 6582
1117 217
1118 552
1119 1940
1120 1610
1121 2965
1122 6598
1123 6600
1124 6606
1125 6610
1126 6620
1127 6621
1128 3231
1129 6637
1130 3179
1132 6641
1133 3287
1134 2904
1135 5533
1137 6654
1138 6657
1139 6660
1140 6668
1141 6670
1142 5055
1143 1948
1144 6677
1145 6693
1146 6701
1147 6703
1148 1995
1149 2690
1151 6707
1152 1474
1154 1927
1156 6719
1157 2323
1158 6720
1159 6726
1160 2443
1161 55
1162 4608
1163 6736
1164 6737
1165 4207
1166 3413
1167 6739
1168 3435
1169 6742
1170 6743
1171 2575
1172 1276
1173 6746
1174 6747
1175 49
1176 1384
1177 2333
1178 6757
1179 6772
1180 6785
1181 5608
1182 6787
1183 4165
1184 5986
1185 6796
1186 6797
1187 4399
1188 6801
1189 5510
1190 6384
1191 6812
1192 309
1193 6814
1194 6816
1195 6817
1196 483
1197 3192
1199 6834
1200 6836
1201 6547
1202 2080
1203 6846
1204 2566
1206 6851
1207 6856
1208 1844
1209 1970
1210 6861
1211 788
1212 954
1213 6874
1214 6877
1215 4685
1216 515
1217 6892
1218 6895
1219 6898
1220 3173
1222 1994
1223 5947
1224 595
1225 6917
1226 6926
1227 3259
1228 6937
1229 2169
1230 6946
1231 6947
1232 1126
1233 2620
1234 54
1235 5508
1236 6953
1237 6957
1238 3056
1239 6961
1241 6963
1242 6966
1243 967
1244 6968
1245 6972
1246 6974
1248 6652
1249 202
1250 170
1251 6980
1252 6982
1253 6989
1255 6999
1256 2291
1257 1720
1258 7003
1259 7004
1260 459
1261 7012
1262 7013
1263 276
1265 2433
1266 7031
1267 1456
1268 2868
1269 2044
1270 7039
1271 791
1272 2735
1273 1132
1274 5892
1275 7055
1276 7057
1278 7067
1279 7072
1280 7074
1282 7090
1283 1245
1284 7104
1285 7105
1286 216
1287 3619
1288 1108
1289 7125
1291 3257
1292 997
1293 7135
1294 1957
1295 7141
1296 2837
1297 7143
1298 5400
1299 7155
1300 7158
1301 6923
1302 7162
1303 7163
1304 5840
1305 1032
1306 7170
1308 1224
1311 7183
1312 5664
1313 3208
1314 7189
1315 5163
1316 7193
1317 7194
1318 7198
1319 7202
1320 7185
1321 2360
1322 7210
1323 351
1324 630
1325 5986
1326 7215
1328 1919
1329 7244
1330 2022
1331 1541
1332 7247
1333 7248
1334 7251
1335 7253
1336 7254
1337 3355
1338 7257
1339 7258
1340 7259
1341 7263
1342 600
1343 7266
1344 7273
1345 7276
1348 4552
1349 7281
1350 7052
1351 250
1352 7298
1353 7297
1354 5303
1355 2601
1356 7306
1357 2012
1358 7312
1359 7311
1360 7322
1363 7347
1364 7356
1365 7358
1367 7367
1368 3121
1369 5541
1370 7377
1371 5387
1373 7379
1374 2920
1376 19
1377 2593
1378 7388
1379 7387
1380 7389
1381 7401
1382 2122
1383 7407
1384 3560
1385 7415
1386 7417
1387 2559
1388 7365
1389 7433
1390 695
1391 7440
1393 2603
1394 7179
1395 7448
1396 7451
1397 7455
1399 7456
1400 7466
1401 7467
1402 7469
1403 137
1404 7485
1405 7493
1406 970
1407 7509
1408 7510
1409 558
1410 7314
1411 7513
1412 7519
1413 7521
1414 7524
1415 7525
1416 5791
1417 641
1418 7224
1419 7422
1420 7536
1422 7551
1423 7553
1424 7555
1425 1243
1426 2546
1427 7568
1429 7579
1430 7583
1431 1288
1432 4998
1433 7588
1436 7597
1437 7599
1438 7605
1439 7608
1440 2718
1441 7609
1442 300
1443 3587
1445 7616
1446 2166
1447 2322
1448 7517
1450 4700
1451 5170
1452 7633
1453 7634
1454 1573
1455 572
1456 7639
1457 1920
1458 7650
1459 2028
1460 1339
1461 7656
1462 7662
1463 4583
1465 7316
1466 7683
1467 7685
1468 2161
1469 4978
1470 7689
1471 1295
1472 6474
1473 503
1474 7698
1475 7700
1476 7430
1477 7703
1478 7704
1479 2594
1480 7714
1481 5069
1482 2945
1483 7364
1484 7721
1485 3865
1486 7471
1487 7737
1488 133
1489 4395
1490 3047
1491 1241
1492 7741
1493 2094
1494 7748
1495 3133
1496 7749
1497 1627
1498 1573
1499 7756
1500 1469
1501 2874
1502 7758
1503 7759
1504 7760
1505 7762
1506 7545
1507 7770
1508 7773
1509 7364
1510 50
1511 7781
1512 7785
1513 460
1514 956
1515 7042
1516 7793
1517 7796
1518 7797
1519 7807
1520 7809
1521 7816
1522 7818
1524 7824
1525 1525
1526 7827
1527 2015
1528 1372
1529 7830
1530 2651
1531 7835
1532 7836
1533 7846
1534 7848
1535 3560
1536 7852
1537 1894
1538 7861
1539 385
1540 7864
1541 780
1542 7866
1543 7504
1544 2390
1545 1120
1546 7873
1547 827
1548 7877
1549 3156
1550 7885
1552 700
1553 7890
1554 7892
1555 7894
1556 6260
1557 2111
1558 7900
1559 5860
1560 7550
1561 7915
1562 1773
1563 7916
1564 7922
1565 935
1566 1021
1567 3176
1568 7931
1569 7935
1570 2072
1571 1183
1572 1779
1573 3044
1574 7945
1575 7948
1577 7953
1578 7959
1579 7963
1580 7272
1581 1286
1582 7972
1583 7975
1584 301
1586 2193
1587 338
1588 902
1589 7984
1590 7988
1591 7989
1592 1908
1593 7994
1594 5243
1595 7999
1596 8000
1597 144
1598 2137
1599 7679
1600 8028
1601 8019
1602 1360
1603 8023
1604 1073
1605 821
1606 7550
1607 2448
1608 8043
1609 8048
1610 5196
1611 2289
1612 8058
1613 8060
1614 2561
1615 1080
1616 1981
1618 1494
1619 2325
1620 8072
1621 5798
1622 275
1624 860
1625 8094
1626 411
1627 4086
1629 1021
1630 720
1631 5198
1632 8106
1633 483
1634 8116
1635 8117
1636 8119
1637 8120
1638 7590
1639 2288
1640 8135
1641 8157
1642 587
1644 7546
1645 8149
1646 7711
1647 7565
1648 7819
1649 8159
1650 8163
1651 226
1652 6307
1653 115
1654 7486
1655 2637
1656 8171
1657 2547
1658 8175
1659 806
1660 1609
1661 1565
1662 7461
1663 8186
1664 1081
1665 8190
1666 1952
1668 5515
1669 8202
1670 8203
1671 8205
1673 7780
1674 249
1675 663
1676 8213
1677 8219
1678 8220
1679 7479
1680 8225
1681 8230
1682 1414
1683 5285
1684 8235
1685 1474
1687 105
1688 8249
1689 2806
1690 8253
1692 8254
1693 279
1694 8257
1695 448
1696 8265
1697 788
1698 8271
1699 8277
1700 115
1701 2234
1702 1779
1703 5860
1704 7350
1705 8288
1707 2867
1708 8290
1709 8293
1710 8299
1711 5034
1712 8301
1713 8304
1714 8306
1715 8309
1717 2085
1718 3022
1719 1880
1720 8321
1721 8322
1722 256
1723 8327
1724 8326
1725 8325
1726 7477
1728 8335
1729 8337
1730 1513
1731 2671
1732 8347
1733 786
1734 1986
1735 26
1736 3268
1737 1346
1738 2910
1739 8359
1740 421
1741 4019
1743 2528
1744 29
1745 923
1746 2553
1747 2957
1748 8379
1749 2199
1751 8381
1752 8382
1753 5602
1754 8393
1755 4171
1756 8396
1758 8399
1759 8402
1760 8403
1761 542
1762 2150
1763 7364
1764 2837
1765 8408
1767 595
1768 619
1769 7661
1770 8426
1771 1199
1772 7245
1773 8431
1774 8433
1776 8435
1777 1419
1778 8441
1779 8442
1781 703
1782 7462
1783 1729
1784 284
1785 8467
1786 8468
1787 8474
1788 8476
1789 8475
1790 7307
1791 3146
1792 1423
1793 471
1794 2506
1795 3617
1796 8490
1797 1255
1798 722
1799 969
1800 2212
1801 2340
1802 2301
1804 2471
1805 28
1806 2382
1807 2574
1808 2583
1810 2614
1811 2622
1812 2600
1813 2667
1814 2687
1815 2728
1816 2739
1817 2508
1818 2768
1819 2589
1820 316
1821 2876
1822 2915
1823 2930
1824 1470
1825 2341
1826 2938
1827 2947
1828 1754
1829 2324
1831 2960
1832 2609
1833 2538
1834 1133
1835 2987
1836 1016
1837 1754
1838 2999
1839 3006
1840 3019
1841 1676
1843 3062
1844 337
1845 3066
1846 1826
1847 3102
1848 3017
1849 34
1850 3139
1851 3141
1852 1133
1853 3152
1854 1210
1855 3157
1856 3165
1857 1279
1858 3180
1859 3186
1860 1309
1861 3204
1862 3217
1863 769
1864 3230
1865 3250
1866 3258
1867 896
1868 3266
1869 2661
1870 3293
1871 3307
1872 884
1873 3326
1874 3342
1876 3370
1877 3374
1878 2495
1880 1474
1881 3394
1883 3418
1884 3167
1885 3445
1886 3451
1887 3462
1888 3167
1889 3468
1891 1714
1892 941
1893 3503
1895 3506
1896 3508
1897 247
1898 2139
1899 3517
1900 1426
1902 3533
1905 3543
1906 3558
1907 3562
1908 1888
1909 3567
1910 3571
1911 1885
1912 3578
1913 3581
1914 3586
1915 2234
1916 2257
1917 2045
1918 3594
1919 1704
1920 3601
1921 1433
1922 1422
1923 3610
1924 3614
1925 3616
1926 528
1927 2143
1928 3625
1929 3626
1930 3630
1931 393
1935 3656
1936 3657
1937 357
1938 204
1939 3663
1940 3665
1941 3666
1942 1324
1943 3132
1944 3670
1945 3677
1946 3106
1947 1879
1948 3682
1949 1861
1950 3684
1951 3693
1952 1083
1953 3694
1954 3696
1955 3697
1956 2554
1957 3704
1958 2593
1959 2552
1960 2862
1961 2726
1962 2549
1963 3720
1964 2029
1965 3723
1966 3725
1967 3730
1968 3734
1969 3747
1970 3751
1971 1619
1972 2631
1973 3756
1974 3762
1975 519
1976 3778
1977 2355
1978 1756
1979 3786
1981 1921
1982 2495
1983 3791
1984 143
1985 3796
1986 3850
1987 3803
1988 3805
1989 3811
1990 3822
1991 3818
1992 2586
1993 265
1994 3832
1995 3560
1996 3838
1997 3840
1998 3132
1999 1431
2001 3196
2002 3858
2003 3162
2004 3863
2005 645
2006 3876
2007 3879
2009 3603
2010 2982
2011 3889
2012 3891
2013 3896
2014 677
2015 1679
2016 3898
2017 3906
2018 1990
2019 3909
2020 3915
2021 3916
2022 3925
2023 3928
2024 3932
2025 3935
2026 3937
2027 1952
2028 3945
2029 2709
2030 1817
2031 3963
2032 3000
2033 1518
2034 3972
2035 1786
2037 2722
2038 2621
2040 3983
2041 2435
2042 3989
2043 3990
2044 3991
2045 913
2046 3995
2047 3996
2048 1327
2049 982
2050 4004
2051 4005
2052 4009
2053 443
2054 1801
2056 2863
2057 4029
2058 4032
2059 4034
2060 4036
2061 1540
2062 4046
2063 4049
2064 2749
2065 1474
2066 4058
2067 4059
2068 4061
2069 2371
2070 4063
2072 536
2074 4078
2075 381
2076 2069
2077 4087
2078 175
2079 775
2080 4090
2081 4089
2082 2553
2083 2713
2084 2053
2085 928
2086 1562
2087 1302
2088 2967
2090 1868
2092 1272
2093 4124
2094 4125
2095 4132
2096 4134
2097 1777
2099 4135
2100 2109
2101 4144
2102 85
2103 2284
2104 4149
2105 4150
2106 4153
2107 2013
2108 4168
2109 4167
2110 904
2111 2599
2112 1704
2114 139
2115 159
2116 3644
2117 1668
2120 4202
2121 2949
2122 1703
2123 2672
2124 2507
2126 4214
2127 1362
2128 1191
2130 3644
2131 4222
2132 3624
2133 4225
2134 2889
2135 173
2136 432
2137 4250
2138 2871
2140 3104
2141 1198
2142 413
2143 4261
2144 2833
2145 4181
2146 4276
2147 4277
2148 4278
2149 401
2150 4286
2151 4287
2152 4289
2154 1637
2155 4296
2156 4305
2157 4308
2158 2490
2159 4311
2160 1474
2161 2215
2162 4318
2164 2324
2166 433
2167 4336
2168 1141
2169 2386
2170 2486
2171 4341
2172 4346
2173 4349
2174 4357
2175 1973
2176 4363
2177 4364
2178 3015
2179 4379
2180 4383
2181 4384
2182 1308
2183 4391
2184 1625
2185 4397
2186 959
2187 1774
2188 141
2189 4404
2190 1669
2191 1930
2192 4411
2193 4413
2194 4415
2195 4421
2196 2572
2197 2792
2198 4424
2199 25
2200 4442
2201 4441
2202 1893
2203 936
2204 4449
2205 3644
2206 4451
2207 319
2208 4453
2209 795
2210 4460
2211 2815
2213 3134
2214 3632
2215 2652
2216 4477
2217 644
2218 4486
2219 4423
2220 4497
2221 4499
2222 4502
2223 4507
2224 4505
2225 1709
2226 2932
2227 4515
2228 1495
2229 4277
2230 4519
2231 4524
2232 2040
2233 4530
2234 4532
2235 4539
2236 329
2237 4545
2238 4546
2239 4547
2240 328
2241 2468
2242 3502
2243 4569
2245 2784
2246 4586
2247 2231
2248 4595
2249 4606
2250 1647
2251 4614
2252 4615
2253 3164
2254 4619
2255 403
2256 33
2257 4632
2258 892
2259 4649
2260 4650
2261 3644
2262 751
2263 4658
2264 4661
2265 4678
2266 768
2267 4682
2268 971
2269 4693
2270 4697
2271 1921
2272 3295
2273 4706
2274 681
2275 4711
2276 4712
2277 1407
2278 4723
2280 4728
2281 1416
2282 4740
2283 1234
2284 4756
2285 3767
2286 4772
2287 2555
2288 1438
2289 4777
2290 4791
2291 4793
2292 4795
2293 4803
2294 4817
2295 4818
2296 3070
2297 4828
2298 4837
2299 1881
2300 3042
2301 4839
2302 4845
2303 4850
2304 3828
2305 4860
2306 1602
2308 1621
2309 4879
2310 4880
2311 558
2312 4883
2313 3050
2315 4889
2316 4891
2317 4893
2318 4912
2319 1645
2320 4926
2321 4929
2322 4928
2323 4936
2324 4938
2325 4952
2326 4956
2328 1580
2329 4960
2330 331
2331 460
2332 4964
2334 4965
2336 4966
2337 4968
2338 4972
2339 2688
2340 2984
2341 946
2342 4994
2343 3022
2344 5002
2345 2491
2346 5005
2347 5006
2348 5007
2349 5011
2350 5012
2351 840
2352 2073
2353 5026
2354 5028
2355 5045
2356 657
2357 5051
2358 1357
2359 5053
2360 1037
2361 5060
2362 1381
2364 5066
2365 5070
2366 1765
2367 5084
2368 1171
2369 5093
2370 5095
2371 5098
2373 5099
2374 1693
2375 5103
2376 475
2378 5108
2379 5111
2380 1113
2381 2790
2382 5119
2383 5122
2384 5123
2385 5126
2386 1990
2387 5129
2388 692
2389 1806
2391 3415
2392 1907
2393 5146
2394 3025
2395 5149
2396 5151
2398 502
2399 1764
2400 1227
2401 5178
2403 5185
2404 1490
2407 5191
2408 1179
2409 5202
2410 5205
2411 5215
2412 5217
2414 5235
2415 5237
2416 479
2417 5240
2418 3218
2419 5247
2420 1573
2421 5254
2422 2217
2423 5258
2424 5267
2426 2153
2427 5270
2428 5277
2429 5004
2430 5282
2431 306
2433 1335
2434 5289
2435 23
2436 5030
2437 5292
2438 2106
2439 5296
2440 2986
2441 2754
2442 5301
2444 3560
2446 5320
2447 5322
2448 5327
2449 5336
2450 3130
2451 3603
2452 3427
2453 5351
2454 5355
2455 567
2456 5362
2457 5363
2458 116
2459 3183
2460 5378
2461 5381
2462 5383
2463 916
2464 5388
2465 2474
2466 5395
2467 1568
2468 5416
2469 3053
2470 5425
2471 5426
2472 5427
2473 5429
2475 426
2476 494
2477 5440
2478 5444
2479 323
2480 5452
2481 3511
2482 5456
2483 1906
2484 2957
2485 348
2486 2597
2487 3107
2488 1858
2491 517
2492 5476
2493 1690
2494 1232
2495 1624
2496 485
2497 3498
2498 5505
2499 1277
2501 1113
2505 5519
2506 5523
2507 188
2508 1113
2509 5532
2510 1372
2511 5542
2512 2017
2513 2408
2515 5555
2516 5556
2517 5557
2518 5559
2519 5563
2520 5568
2521 2321
2522 694
2523 5575
2524 972
2525 1754
2526 5580
2527 2212
2528 5585
2529 2742
2530 5594
2531 5596
2532 208
2533 5605
2534 2071
2535 165
2536 5232
2537 4399
2538 508
2539 5631
2541 711
2542 5637
2543 5646
2544 239
2545 1511
2546 5660
2547 5662
2548 5674
2550 5685
2551 109
2552 5686
2553 2877
2554 5690
2555 5693
2556 5692
2557 3306
2558 5694
2559 109
2560 108
2561 5697
2562 1684
2563 5701
2564 5704
2565 778
2566 5711
2567 3151
2568 2252
2569 2254
2570 697
2571 5724
2572 5726
2573 5727
2574 5731
2575 1538
2577 1410
2578 1399
2579 165
2580 630
2581 5735
2582 5736
2583 5742
2584 5746
2587 5747
2588 5750
2589 5762
2590 2120
2591 2070
2592 5801
2593 317
2594 1505
2595 417
2596 4328
2597 5805
2598 5811
2599 3167
2600 5814
2601 478
2602 5816
2603 1646
2604 5818
2605 5433
2606 5833
2607 5835
2608 5837
2609 5839
2610 5841
2611 220
2612 5850
2613 5851
2614 302
2615 4762
2616 4588
2617 5433
2618 3166
2619 5864
2620 5868
2621 4293
2622 5874
2623 5875
2624 2711
2625 5891
2626 1689
2627 1818
2628 5905
2629 5910
2630 5912
2631 5914
2632 368
2633 5924
2634 2509
2635 1298
2636 1146
2637 5433
2638 3150
2639 5936
2640 5941
2641 5945
2642 876
2643 5952
2644 5959
2645 5961
2646 5969
2647 1139
2648 1267
2649 5971
2650 5978
2651 1124
2652 803
2653 1611
2654 1159
2655 5991
2656 3309
2657 1848
2658 258
2659 5621
2660 6009
2661 6031
2662 307
2663 6043
2664 6047
2665 796
2666 6064
2667 4701
2668 2095
2669 1377
2670 5234
2671 2167
2673 559
2674 1440
2675 6086
2676 6087
2677 1778
2678 1662
2679 1335
2680 1465
2681 2717
2682 6100
2683 6106
2685 6112
2686 1353
2687 6116
2688 6117
2689 3240
2690 6122
2691 222
2692 6128
2693 5510
2694 6130
2695 3211
2696 1539
2697 999
2698 6140
2699 6143
2700 6150
2701 6152
2702 1328
2703 7
2706 1230
2707 550
2708 6164
2709 6165
2710 1599
2711 6167
2712 576
2713 6174
2714 5382
2715 66
2716 2287
2717 6184
2718 2450
2719 2826
2720 6189
2721 5104
2722 2962
2723 6256
2724 6217
2725 3226
2726 2208
2727 74
2728 6228
2729 6229
2730 1342
2731 1951
2732 6232
2733 5464
2734 1934
2735 2888
2736 1363
2737 2191
2738 6241
2739 6246
2740 3302
2742 6257
2743 2868
2744 6263
2745 6266
2746 2354
2747 6277
2749 6278
2750 6281
2751 2303
2752 6289
2753 6290
2754 265
2755 3248
2756 3207
2757 6309
2758 2742
2759 6319
2760 6326
2761 6320
2762 6322
2763 1964
2764 6327
2765 698
2766 6350
2767 6352
2768 906
2769 3560
2770 750
2772 3213
2773 6374
2774 3341
2775 6383
2777 6387
2778 6389
2779 1864
2780 6398
2781 3882
2782 225
2783 6404
2784 6414
2785 2712
2786 6424
2787 2666
2788 6425
2789 3053
2790 6436
2791 2345
2792 6444
2793 6454
2794 2470
2795 2047
2796 643
2797 51
2798 810
2799 895
2800 538
2801 6469
2802 3039
2803 4727
2804 6476
2805 6482
2806 314
2807 2290
2808 6483
2809 546
2811 6499
2812 831
2814 462
2815 479
2816 6506
2817 6508
2818 749
2819 2016
2820 2737
2821 2187
2823 715
2824 5822
2825 1596
2826 3321
2827 6532
2828 1978
2829 857
2830 2604
2832 992
2833 2313
2834 1219
2835 6543
2836 4582
2837 6546
2838 6548
2839 6554
2840 3124
2841 3479
2842 1500
2843 1244
2844 199
2845 6418
2846 563
2847 1775
2848 2354
2849 6587
2850 6590
2851 1281
2852 660
2853 6597
2854 6603
2855 3053
2856 6601
2857 2078
2858 6456
2859 3339
2860 6609
2861 2782
2862 5683
2863 1839
2864 5343
2865 955
2866 1198
2867 6628
2868 6632
2869 2498
2870 6634
2872 138
2873 1866
2874 545
2875 746
2876 6639
2877 6643
2878 1641
2879 1974
2880 6659
2881 6663
2882 5246
2883 5360
2884 813
2886 6680
2887 6691
2888 6694
2889 1605
2890 523
2891 408
2892 288
2893 3301
2894 6714
2895 6717
2897 6722
2898 504
2899 5548
2901 2716
2902 6738
2903 1391
2904 64
2906 6745
2907 6750
2908 311
2909 555
2910 2095
2911 3540
2912 556
2913 6780
2914 6781
2915 5246
2916 4660
2917 6789
2918 402
2919 6793
2920 6795
2921 17
2922 2868
2923 6681
2924 1633
2925 6809
2926 6820
2927 6821
2928 2926
2929 4918
2930 530
2931 734
2932 6843
2933 1739
2935 5504
2936 4918
2937 1702
2938 6854
2939 4998
2940 6857
2941 6863
2942 5591
2943 1429
2944 6864
2945 2771
2946 6875
2947 1460
2948 1865
2949 829
2950 6881
2951 1335
2952 6887
2953 2715
2954 6900
2955 137
2956 6912
2957 6913
2958 2996
2960 1271
2961 933
2962 6925
2963 947
2964 1367
2965 6936
2966 2228
2967 766
2969 1754
2971 6949
2973 5245
2974 6956
2975 209
2976 6958
2977 4608
2978 6222
2980 1033
2981 6558
2982 1934
2983 6986
2984 6985
2985 3703
2986 2366
2987 760
2988 478
2989 7009
2990 1403
2991 6280
2992 804
2993 7022
2994 7025
2995 7029
2996 2982
2997 7035
2998 1088
2999 3478
3000 7040
3001 7043
3002 7047
3003 7048
3004 3302
3005 2035
3006 7062
3007 7063
3008 1717
3009 995
3010 7076
3011 7079
3013 3544
3014 7087
3015 791
3016 2688
3017 1359
3018 2473
3019 7113
3020 7118
3021 7121
3022 1791
3023 7127
3024 6636
3025 1112
3026 7132
3027 5552
3028 7133
3029 2642
3030 1019
3031 7146
3032 7154
3033 1578
3034 5241
3037 4918
3038 4
3039 7180
3040 3741
3041 7188
3042 2396
3043 7195
3044 7197
3045 2980
3046 7200
3047 146
3048 1767
3049 7204
3051 7217
3052 1052
3053 7220
3054 7223
3055 7225
3056 7230
3057 1550
3058 2451
3059 7234
3060 7238
3061 7239
3062 568
3063 7240
3064 7243
3066 1674
3067 128
3068 7268
3069 7270
3070 4377
3071 7277
3072 1970
3073 2259
3074 7214
3075 5061
3076 3167
3077 211
3078 7309
3079 7315
3080 7324
3081 2676
3082 286
3083 7339
3084 7340
3085 7344
3086 7349
3087 7352
3088 6222
3089 7355
3090 5256
3091 1298
3092 1763
3093 7382
3094 7384
3095 7393
3096 7399
3097 7405
3098 7406
3099 7409
3100 185
3101 877
3102 7432
3104 1521
3105 7439
3106 891
3107 7449
3108 2498
3109 7452
3110 7453
3111 2138
3112 7227
3113 7464
3115 7488
3116 7494
3117 6771
3118 7506
3119 7512
3120 1006
3121 7515
3123 7520
3124 384
3128 7537
3129 7538
3131 7042
3132 7560
3133 7564
3134 7569
3135 7572
3136 7471
3137 7575
3138 7576
3139 7584
3140 732
3141 7595
3142 1762
3143 7598
3144 7600
3145 7601
3146 7604
3147 1942
3148 7611
3149 2189
3150 838
3151 7617
3152 7619
3153 1757
3154 1699
3155 1359
3156 7514
3157 6910
3158 7249
3159 7643
3160 7645
3161 1295
3162 7214
3163 2134
3164 7649
3165 5326
3166 7655
3167 2009
3168 2139
3169 2737
3170 7209
3171 702
3172 1610
3173 7677
3174 5529
3175 6439
3176 4747
3177 478
3178 7687
3180 2941
3181 7693
3182 7694
3184 1578
3186 3671
3187 1097
3188 5860
3189 7702
3190 7705
3191 7707
3192 7708
3193 44
3194 7709
3195 7715
3196 1600
3197 888
3198 353
3199 5603
3200 7724
3201 829
3202 146
3203 7554
3204 2951
3205 7471
3206 2625
3207 115
3208 7751
3209 1374
3210 665
3212 7763
3213 7765
3214 2114
3215 2437
3216 958
3217 7777
3218 2158
3219 7783
3220 1840
3221 375
3223 1934
3224 7802
3225 7805
3226 7806
3227 521
3228 917
3229 7736
3230 7571
3231 7829
3232 6088
3233 828
3234 7837
3235 7478
3236 5603
3237 1053
3238 5061
3239 7849
3240 1202
3241 7851
3242 7856
3243 1178
3244 7858
3245 7859
3246 7533
3247 7868
3248 2256
3249 96
3250 7876
3251 7880
3252 45
3253 6636
3254 7392
3255 2990
3256 2304
3257 7888
3258 109
3259 5533
3260 440
3261 81
3262 1151
3263 7908
3264 7346
3265 7914
3266 2509
3267 1020
3268 2102
3269 5463
3270 80
3271 710
3272 2844
3273 2208
3274 415
3275 7951
3276 7952
3277 7955
3278 630
3279 770
3280 7961
3281 7967
3282 7968
3283 4666
3284 7973
3285 7590
3286 510
3287 7982
3288 7983
3290 7986
3291 7991
3292 1292
3293 7997
3295 7998
3296 3289
3297 2957
3298 1406
3299 119
3300 1289
3301 7191
3302 1921
3303 7471
3305 921
3306 8020
3307 8025
3308 511
3309 8030
3310 1924
3311 581
3312 990
3313 1904
3315 8041
3316 8042
3317 2638
3318 8045
3319 744
3320 8049
3321 8055
3322 1284
3323 1883
3324 8075
3325 1530
3326 4902
3328 3606
3329 27
3331 294
3332 8099
3333 8100
3334 266
3335 5720
3336 8102
3337 487
3338 8107
3339 8109
3340 8111
3341 7552
3342 1390
3343 6422
3344 8127
3345 2754
3346 6291
3347 8057
3348 2781
3349 989
3350 1729
3351 8150
3352 8151
3353 7320
3354 479
3355 1452
3356 8156
3357 83
3358 1551
3359 1078
3361 8165
3362 40
3363 1026
3364 8178
3365 6303
3366 7548
3367 2825
3368 4062
3369 1154
3370 7295
3371 8197
3372 2926
3373 313
3374 8198
3375 587
3376 8204
3377 4870
3378 7548
3379 8222
3380 1763
3381 8233
3382 7923
3383 661
3384 8238
3385 2271
3386 7419
3387 2533
3389 2163
3390 8255
3391 8256
3392 6459
3393 2373
3394 8263
3395 2534
3396 8266
3397 628
3398 8272
3399 8273
3400 2046
3401 8275
3402 2163
3403 595
3404 8283
3405 2584
3406 1504
3408 781
3409 2890
3411 2919
3412 8295
3413 8298
3414 1330
3415 8308
3416 2688
3417 8320
3418 659
3419 493
3420 8334
3422 7533
3423 7790
3425 8344
3426 1514
3427 1065
3428 6716
3429 2041
3431 6762
3432 8352
3433 639
3434 8356
3435 8358
3436 8361
3437 8411
3438 8371
3439 7362
3440 270
3441 1846
3442 2883
3443 2870
3444 8398
3445 2269
3446 1897
3447 4732
3448 113
3449 409
3450 8404
3451 2010
3452 2579
3453 1687
3454 1453
3455 8412
3456 8414
3457 823
3458 8415
3459 152
3460 8419
3461 1092
3462 8420
3463 198
3464 8427
3465 8428
3466 1337
3467 797
3468 479
3469 8446
3470 184
3471 2706
3472 1753
3473 1688
3474 1573
3475 8458
3476 8470
3478 8479
3479 8480
3480 8482
3481 7416
3482 8487
3483 1524
3484 1934
3485 8494
3486 230
3487 648
3488 1007
3489 2024
3491 2248
3492 2326
3493 2380
3494 1658
3495 2449
3496 2481
3497 2628
3498 1351
3500 2682
3501 2684
3502 2764
3503 2794
3504 2046
3505 444
3506 1084
3507 72
3508 2901
3509 2931
3510 2933
3511 2950
3512 2954
3513 1936
3514 2961
3515 1575
3516 1665
3517 2994
3518 3001
3519 3007
3520 3010
3521 3018
3522 3023
3523 986
3524 3031
3525 1359
3526 3037
3527 3038
3528 2705
3529 3059
3530 2980
3531 1282
3532 3077
3533 64
3534 2568
3535 3087
3536 3088
3537 3089
3538 1583
3539 347
3540 3096
3541 1838
3542 2905
3544 3118
3545 2459
3546 120
3547 3129
3548 1197
3549 2980
3550 2280
3551 3144
3553 3149
3554 169
3555 3177
3556 3182
3557 3187
3558 3199
3559 963
3560 3201
3561 2658
3562 3229
3563 1770
3564 2895
3565 2631
3566 3252
3567 496
3568 3275
3570 3281
3571 3284
3573 3290
3574 2634
3575 3316
3576 3332
3577 3345
3578 1177
3580 3362
3581 623
3582 1765
3583 3
3584 3392
3585 3406
3587 1006
3588 3428
3590 3431
3591 771
3592 1368
3593 3453
3594 77
3595 3466
3596 1208
3597 3480
3598 3486
3599 115
3600 210
3601 100
3602 3488
3603 2719
3604 3515
3605 3518
3607 2075
3608 3530
3609 3534
3610 3538
3611 3546
3612 1509
3613 3551
3614 2220
3616 464
3617 3566
3618 3576
3619 3595
3621 3602
3622 3604
3623 3605
3626 2140
3627 2014
3628 2287
3629 3635
3630 3636
3631 2518
3632 3642
3633 472
3635 3653
3636 3659
3637 818
3638 3674
3639 1754
3640 655
3641 3681
3642 103
3643 3691
3644 1965
3645 2520
3646 878
3647 2495
3648 53
3649 3724
3650 972
3651 3744
3652 3750
3653 3749
3654 449
3655 3269
3656 2798
3657 3340
3658 29
3659 3771
3660 2139
3661 2411
3662 3344
3663 826
3664 2372
3665 1573
3666 3808
3667 1964
3668 3
3669 3829
3670 3831
3671 2467
3672 3843
3673 3844
3674 115
3675 2719
3676 3860
3677 2084
3678 3465
3679 1347
3680 3874
3681 1069
3682 2509
3684 3883
3685 3885
3686 2165
3687 3888
3688 3894
3689 1967
3690 3897
3691 2438
3692 1962
3693 1146
3694 3908
3695 1573
3696 1024
3697 360
3698 3766
3699 3940
3700 3941
3701 3942
3702 3949
3703 2847
3704 1073
3705 3957
3706 3959
3707 2362
3708 1573
3709 3975
3710 3981
3711 3982
3712 3985
3713 871
3714 1113
3715 385
3716 2824
3717 4013
3718 2883
3719 4016
3720 4021
3721 387
3722 3015
3723 1724
3724 465
3726 1231
3727 1586
3728 4064
3729 4069
3730 4080
3731 4088
3732 1512
3733 1482
3734 224
3736 406
3737 4097
3738 4101
3739 2250
3740 4110
3741 4111
3742 3470
3743 4116
3745 1805
3746 4136
3747 4139
3748 2328
3749 1104
3750 1710
3751 4146
3752 1050
3753 662
3754 3416
3755 2818
3757 1187
3758 1295
3759 918
3760 4162
3761 3200
3762 4178
3763 859
3764 4183
3765 814
3766 2381
3767 4185
3768 4186
3769 2283
3770 2803
3771 1343
3772 4190
3775 915
3776 2814
3777 3195
3778 4208
3779 2691
3780 4220
3781 4221
3782 1914
3783 2300
3784 878
3785 4227
3786 4232
3787 4229
3788 4236
3789 3588
3790 2980
3791 3460
3792 920
3793 2843
3795 4288
3796 4298
3797 4300
3798 2086
3799 4306
3800 4307
3801 3160
3802 1168
3803 4313
3804 713
3805 4319
3806 649
3807 999
3808 897
3809 4322
3811 4327
3812 4337
3813 1424
3814 474
3816 4347
3817 905
3818 44
3819 3485
3820 4365
3821 4370
3822 4375
3823 4386
3824 1396
3825 3590
3826 2391
3827 4402
3828 1364
3829 4182
3830 4407
3831 736
3832 1954
3833 3384
3834 2875
3835 4418
3836 4419
3837 1921
3838 4431
3840 4436
3841 4440
3842 4448
3843 4455
3844 4457
3845 748
3846 4469
3848 4472
3849 1911
3850 3240
3851 3176
3852 4496
3853 2929
3854 2060
3855 1962
3857 4511
3858 2360
3859 2980
3860 4520
3861 4526
3863 164
3864 4531
3865 696
3866 3172
3867 4537
3868 541
3869 1238
3870 2470
3871 488
3872 4558
3873 1150
3874 4559
3875 748
3876 4564
3877 1087
3878 559
3879 4573
3880 4578
3881 4579
3882 2256
3883 3675
3884 670
3885 1017
3886 774
3887 5
3888 2738
3889 4591
3890 2689
3891 2564
3892 1226
3893 4607
3894 4613
3895 2785
3896 4618
3897 2942
3898 4622
3899 1487
3900 3519
3901 4631
3902 1770
3903 1871
3904 4648
3905 450
3906 978
3907 4674
3908 4676
3909 4686
3910 4689
3911 4690
3912 4698
3914 1754
3915 2982
3916 4100
3917 3496
3918 2405
3919 62
3920 4734
3921 4737
3922 4738
3923 4749
3924 4754
3925 1844
3926 4759
3927 3330
3928 3675
3929 1196
3930 558
3931 515
3932 4786
3933 4789
3934 4790
3936 304
3937 959
3938 3582
3939 1857
3940 4819
3941 4824
3942 4829
3944 4840
3945 4842
3946 4853
3947 4854
3948 4855
3949 4856
3950 1564
3951 2985
3952 2848
3953 4863
3954 1677
3956 4871
3957 1827
3958 2515
3959 1797
3960 4894
3961 4900
3962 4903
3963 2245
3964 2377
3965 4916
3966 4917
3968 4919
3969 4923
3970 4924
3971 4925
3972 1117
3973 4934
3974 2160
3975 3502
3976 2730
3977 2645
3978 2179
3979 4951
3980 3587
3981 513
3982 165
3984 4967
3985 4973
3986 4976
3987 4979
3988 2578
3989 4985
3990 4986
3991 3436
3992 4996
3993 4999
3994 2050
3995 1769
3996 929
3997 2995
3998 5020
3999 5039
4001 5029
4002 982
4003 2147
4006 5056
4007 1639
4008 495
4009 5077
4010 5079
4011 2797
4012 5082
4013 1298
4014 5085
4015 5097
4016 2697
4017 5101
4018 5102
4019 5113
4020 5125
4021 5127
4022 5132
4023 5137
4024 5138
4025 5142
4026 2423
4027 2163
4028 5157
4029 2775
4031 5173
4032 3560
4033 56
4034 1931
4035 5190
4036 5199
4037 5207
4038 2461
4039 5210
4042 5239
4043 5248
4044 4142
4045 5255
4046 592
4047 924
4048 5261
4049 3340
4050 190
4051 5272
4052 5279
4053 5287
4054 5288
4055 4608
4057 2385
4058 5311
4059 5307
4060 5319
4061 4142
4062 2685
4063 3560
4064 3166
4065 5325
4066 5330
4067 244
4068 5334
4069 5338
4070 5341
4071 5340
4072 5344
4073 872
4075 69
4077 1742
4078 5197
4079 4344
4081 2831
4082 5365
4083 5372
4084 5373
4085 1721
4086 5379
4087 5380
4088 5385
4089 2962
4090 32
4091 869
4092 5397
4093 3560
4094 5406
4095 5412
4096 2875
4097 5415
4098 759
4099 5418
4100 2526
4101 5422
4102 5431
4103 5433
4104 3194
4105 3502
4106 5447
4107 5455
4108 3587
4109 5457
4110 3458
4111 3655
4112 2787
4113 2455
4114 95
4115 5473
4116 5478
4117 2605
4119 235
4120 5488
4121 3323
4122 5493
4125 5499
4126 5507
4127 185
4128 5514
4129 2472
4130 822
4131 5530
4132 999
4134 3570
4135 5534
4136 382
4137 190
4138 2007
4139 5538
4140 2944
4141 2419
4142 5544
4144 1392
4145 1096
4146 5553
4147 3521
4148 65
4149 5582
4150 4950
4151 2339
4152 667
4153 761
4154 5598
4155 5600
4156 185
4157 185
4158 5609
4159 5612
4160 4939
4161 5616
4163 2957
4165 4377
4166 5643
4167 990
4168 5647
4169 3024
4170 5653
4171 2755
4172 5658
4173 245
4174 5665
4175 5666
4176 5223
4177 5672
4178 5670
4179 165
4180 5679
4181 3324
4182 2868
4184 3251
4185 4886
4186 5171
4187 2810
4188 154
4189 5718
4190 1252
4191 1627
4192 356
4194 3638
4195 5754
4196 2525
4197 5761
4198 5763
4199 5768
4200 5770
4201 5774
4202 972
4203 1046
4204 5777
4205 5778
4206 5785
4207 5788
4208 5792
4209 5797
4210 5106
4211 3366
4212 5802
4213 5807
4214 1847
4215 5812
4216 1358
4217 3085
4218 3627
4219 476
4221 1195
4222 5382
4223 1235
4224 5853
4225 2277
4226 2282
4227 2530
4228 5869
4229 553
4230 5882
4231 5883
4232 1578
4233 672
4235 1397
4236 5906
4237 5909
4238 5911
4239 5916
4240 5919
4241 143
4242 875
4243 5931
4244 5933
4245 650
4246 976
4248 2689
4249 1899
4250 5937
4251 1076
4252 5942
4253 5948
4254 5949
4255 5956
4256 349
4257 489
4258 5960
4259 5965
4260 5966
4261 1038
4262 2754
4263 5972
4264 5974
4265 5984
4266 5988
4267 748
4268 4045
4269 5997
4270 3554
4271 6005
4272 6010
4273 1113
4274 2629
4275 1984
4276 6015
4277 2843
4278 6021
4279 3294
4280 6017
4281 6025
4283 6026
4284 1784
4285 6032
4286 6040
4287 2928
4288 5018
4289 6049
4290 1746
4291 6055
4292 6065
4293 6063
4294 1630
4295 1441
4296 6078
4297 2446
4298 6093
4299 3094
4300 6102
4301 166
4302 4962
4303 5368
4304 3022
4305 6114
4306 417
4307 1455
4308 1519
4309 2956
4310 6123
4311 6124
4313 130
4314 1266
4315 589
4316 4822
4317 1935
4318 310
4319 1928
4320 6147
4321 6153
4322 890
4323 4647
4324 6158
4325 6168
4326 894
4327 6171
4328 6172
4329 6177
4330 2124
4331 1922
4332 6194
4333 6195
4334 6197
4335 6199
4336 6200
4337 6205
4338 6209
4339 6221
4340 6223
4341 6225
4342 1753
4343 2019
4344 6230
4346 6236
4347 1310
4348 6242
4349 2451
4351 3167
4352 543
4353 3443
4354 6247
4355 6248
4356 36
4357 6254
4358 5382
4359 4590
4360 3412
4361 6265
4362 1623
4363 3502
4364 766
4366 1172
4367 6282
4368 6285
4369 6306
4370 2769
4373 1650
4374 6331
4375 2394
4376 489
4377 6341
4378 6345
4380 6349
4381 2754
4382 6364
4383 3427
4384 1055
4385 6365
4386 1657
4387 6372
4388 6376
4389 6377
4390 6379
4391 68
4393 398
4395 6396
4396 3500
4397 624
4398 744
4399 6417
4400 6421
4401 1678
4402 6429
4403 430
4404 6433
4405 697
4406 179
4407 6449
4408 1763
4409 2439
4410 6458
4411 6459
4413 1009
4414 2332
4415 881
4416 6468
4417 6475
4418 6478
4419 1090
4420 3169
4422 173
4423 876
4424 3192
4425 2178
4426 6493
4427 2881
4428 6504
4430 6507
4431 6509
4432 4609
4433 6183
4434 3267
4435 2563
4436 6521
4437 6517
4440 2925
4441 4608
4442 787
4443 5241
4444 3348
4445 6533
4446 2807
4447 6539
4449 6555
4450 5554
4451 6560
4452 6566
4453 2174
4454 2944
4455 6576
4456 1603
4457 6580
4458 6583
4459 1215
4460 632
4461 6269
4462 3387
4463 5608
4464 2852
4465 6595
4466 6599
4467 4589
4468 1176
4469 6611
4470 6612
4471 6614
4472 1932
4473 2041
4474 6625
4476 839
4477 1737
4478 6642
4479 6649
4480 6650
4481 6651
4482 6658
4483 693
4484 6671
4485 5632
4486 6674
4488 2409
4489 6683
4490 6684
4491 6686
4492 6688
4493 6692
4494 6695
4495 428
4497 6697
4498 6698
4499 6699
4500 6704
4501 6706
4502 6715
4503 5057
4504 1384
4505 3958
4506 2126
4507 2846
4508 6727
4509 6091
4512 1558
4513 6754
4514 6778
4515 3443
4516 1307
4517 6759
4518 6761
4519 2838
4520 6760
4521 3215
4523 6784
4524 2132
4525 6786
4526 2417
4527 4345
4528 6792
4529 2221
4530 6799
4531 3936
4532 2928
4533 945
4534 46
4535 2389
4536 6808
4537 825
4538 395
4539 6818
4540 1761
4541 6833
4542 6837
4544 2434
4545 2205
4546 2758
4547 2354
4548 1540
4549 2164
4550 6855
4551 1136
4552 6865
4554 6873
4555 1673
4556 2864
4557 6876
4558 1731
4559 6888
4560 2592
4561 4962
4562 6893
4563 2299
4564 6218
4565 5314
4566 6908
4567 6914
4568 6915
4569 6918
4570 6955
4571 2002
4573 6922
4574 5342
4575 6927
4576 491
4577 6929
4578 6938
4579 6939
4580 6941
4581 4410
4582 6954
4583 1393
4584 1404
4585 6959
4586 6964
4588 6969
4589 6975
4590 6979
4591 6987
4592 6990
4593 5144
4594 6993
4595 6997
4596 7001
4597 7000
4598 3235
4599 7005
4600 7006
4601 7014
4603 7026
4604 7027
4605 7032
4606 2163
4607 3053
4608 1819
4609 7046
4610 463
4611 2992
4612 7054
4613 7058
4614 6069
4615 7064
4616 1598
4617 7068
4618 5831
4619 7075
4621 2885
4622 7085
4623 7088
4624 7092
4625 1449
4626 81
4627 7097
4628 2678
4629 3381
4630 7107
4631 3222
4633 2972
4634 1550
4635 1578
4636 7120
4637 7122
4638 7124
4639 5992
4640 460
4641 7130
4642 2868
4643 4015
4645 1287
4646 7152
4647 3584
4648 2943
4649 7160
4650 298
4651 7171
4652 7176
4653 6308
4654 7184
4655 1635
4656 4927
4657 7192
4658 6923
4660 7199
4661 310
4662 3452
4663 7211
4664 7212
4665 979
4666 6198
4667 1820
4668 7232
4670 6091
4671 7233
4672 2855
4673 1754
4675 2300
4676 1434
4677 7255
4678 7256
4679 5508
4680 7264
4681 2027
4683 7269
4684 7275
4685 3936
4686 7284
4687 1896
4688 7288
4689 7292
4690 7293
4691 7299
4692 7301
4693 7304
4694 7310
4695 1912
4696 7317
4697 274
4698 4918
4700 6840
4701 7351
4702 7353
4703 272
4704 6384
4705 740
4706 7372
4707 7373
4708 3827
4709 7385
4710 7386
4711 1597
4712 7394
4713 950
4714 6589
4715 3644
4716 7400
4718 4753
4720 111
4721 7413
4722 7424
4723 7425
4724 1634
4725 7426
4726 7427
4728 7434
4729 4998
4730 7438
4731 7441
4732 7443
4733 7450
4734 7472
4735 931
4736 278
4737 310
4740 7489
4741 7497
4742 7498
4743 7500
4744 7503
4745 7365
4746 7516
4747 7523
4749 2465
4751 3849
4752 3053
4753 5589
4754 2479
4755 255
4756 7563
4757 877
4758 1853
4759 3560
4760 7580
4761 7527
4762 2286
4763 7582
4764 6343
4765 7589
4766 7052
4767 7363
4768 7348
4769 7615
4770 1859
4771 1547
4772 1067
4773 7632
4774 7638
4775 7642
4776 1936
4777 7647
4778 2236
4779 7653
4780 1146
4781 7657
4782 7659
4783 2991
4784 2543
4785 7252
4786 7674
4787 7682
4788 2181
4789 7684
4790 7447
4791 316
4792 1659
4793 7697
4794 3123
4795 7699
4797 7345
4798 452
4799 7712
4800 7718
4801 7250
4802 1480
4804 7554
4805 7727
4806 7728
4807 1963
4808 7734
4809 4394
4811 2949
4812 7742
4813 7744
4814 7745
4815 109
4816 1451
4817 3193
4818 772
4820 7213
4821 7510
4822 7752
4823 5664
4824 2089
4825 2377
4826 242
4827 1561
4828 7757
4829 7761
4830 1444
4831 7764
4832 1675
4833 1934
4834 353
4835 7774
4836 7776
4837 7784
4838 2520
4839 7789
4840 769
4841 7801
4842 7804
4843 3391
4844 3575
4845 7815
4846 351
4847 7820
4848 7221
4849 267
4850 3193
4851 7843
4852 2544
4853 7857
4854 539
4855 7860
4856 5629
4857 6633
4858 7863
4859 3560
4860 1491
4861 7874
4862 7875
4863 7882
4864 7883
4865 1781
4866 2475
4867 107
4868 7902
4869 7904
4870 1731
4871 668
4872 7909
4873 7397
4874 2381
4875 7910
4876 7913
4877 2388
4878 1946
4879 7918
4880 1162
4881 7927
4882 407
4883 7933
4884 7938
4885 212
4886 3373
4887 2920
4888 7946
4889 7954
4890 852
4891 7962
4892 1863
4893 7964
4894 7710
4895 3810
4896 7222
4897 7969
4898 7970
4899 7971
4900 947
4901 626
4902 7974
4903 7977
4904 2239
4905 1193
4906 2535
4907 7980
4908 63
4909 7992
4911 1567
4912 2161
4913 8005
4914 8006
4915 1117
4916 8012
4917 8014
4918 6589
4919 1787
4920 8018
4921 8026
4922 4438
4923 8027
4924 6633
4925 1654
4926 635
4927 1587
4928 8034
4929 7587
4930 7463
4931 71
4932 8051
4933 1816
4934 8059
4935 3962
4936 8062
4937 8063
4938 2903
4939 8065
4940 8067
4942 907
4943 8074
4944 8077
4945 1191
4946 7713
4947 642
4948 44
4949 160
4950 2436
4951 8089
4952 8092
4953 8093
4954 1941
4955 8095
4956 280
4957 2673
4958 8104
4959 8044
4960 1325
4961 8103
4962 7447
4963 8118
4964 1146
4965 8130
4966 8131
4967 8132
4968 8136
4969 8138
4970 457
4971 1947
4972 8143
4973 6608
4974 7573
4975 1528
4976 6869
4977 1464
4978 2754
4979 557
4981 761
4982 2043
4983 8167
4984 414
4985 1080
4986 5168
4988 4732
4989 8179
4990 1562
4991 1094
4992 8185
4993 3111
4994 2412
4995 8195
4996 7533
4997 2858
4999 686
5000 7592
5001 845
5002 8201
5003 1619
5004 8210
5005 8211
5006 2986
5007 727
5008 4744
5009 8214
5010 281
5011 8217
5012 1661
5013 4794
5014 8218
5015 8231
5016 7213
5017 1758
5018 5986
5019 8239
5020 8241
5021 2929
5022 5061
5023 1490
5024 515
5025 3560
5026 8261
5027 8262
5028 2802
5029 8267
5030 2242
5031 8278
5032 1320
5033 8287
5034 1833
5035 8302
5036 7447
5037 8305
5038 156
5039 196
5040 8331
5041 8336
5042 1042
5043 41
5044 8340
5045 2688
5046 1483
5047 575
5048 5410
5049 469
5051 8353
5052 2875
5053 1631
5054 8360
5055 2903
5056 1923
5057 820
5058 8365
5060 64
5061 8368
5062 8369
5063 1437
5064 7345
5065 8376
5067 2533
5068 8377
5069 8388
5070 1697
5071 8395
5072 2404
5074 2194
5075 2539
5076 1934
5077 5940
5078 8407
5079 8410
5080 1354
5081 2860
5082 8417
5083 2067
5084 8421
5085 714
5086 509
5087 8423
5088 1617
5089 8425
5090 8430
5091 8216
5092 5019
5093 2292
5094 8438
5095 8439
5096 7429
5097 8101
5098 8440
5099 8444
5100 4599
5101 7548
5102 4637
5103 3191
5104 8453
5105 1655
5108 1657
5109 8465
5110 4263
5111 7364
5113 8472
5114 8471
5115 7044
5116 2910
5117 1323
5118 2504
5119 6474
5120 2282
5121 713
5122 2344
5123 4235
5124 8489
5125 2127
5126 5654
5127 8491
5128 8493
5129 2244
5130 1319
5131 1055
5132 2331
5133 1937
5134 1190
5135 1939
5137 2378
5138 2392
5139 1726
5142 2476
5143 2493
5144 2558
5145 2298
5146 2626
5147 2033
5148 2663
5149 2511
5150 2686
5151 178
5152 2698
5153 927
5154 2665
5155 2804
5156 2624
5157 2842
5158 2909
5159 2823
5160 2918
5161 259
5162 2973
5163 741
5164 3011
5165 2044
5166 3027
5168 1748
5169 2066
5170 2586
5172 3064
5173 3072
5174 3073
5175 2062
5176 3109
5177 3128
5178 70
5179 2948
5180 2023
5181 3170
5182 726
5183 861
5184 3206
5185 3212
5186 1028
5187 3224
5188 3086
5189 3242
5190 3246
5192 3278
5193 74
5194 3291
5195 3299
5196 3310
5197 1813
5198 1092
5199 3318
5200 2924
5202 903
5203 3045
5204 3347
5205 3351
5206 3365
5207 2748
5208 3377
5209 3378
5210 3397
5211 3403
5212 3408
5213 3410
5214 2087
5215 695
5216 3448
5218 3450
5219 3477
5220 3483
5221 3490
5222 322
5223 2468
5224 3520
5226 2867
5227 3524
5228 2529
5229 3531
5230 798
5231 3550
5232 1122
5233 163
5234 497
5235 3559
5236 3561
5237 3585
5238 3547
5239 3593
5240 3599
5242 3481
5243 687
5244 3643
5245 2680
5247 1499
5248 3645
5249 3647
5250 3649
5251 3654
5252 3661
5253 3660
5255 3664
5256 3667
5257 3669
5258 3454
5259 424
5260 3679
5261 1569
5262 1498
5263 2201
5264 942
5265 3710
5266 3711
5267 3719
5268 3197
5269 3722
5270 3729
5271 3731
5272 631
5273 3733
5274 3735
5275 3737
5276 3740
5277 2922
5278 3753
5279 3759
5280 3763
5281 3765
5282 1913
5283 3779
5284 3788
5285 2646
5286 3789
5287 3790
5288 2553
5289 3502
5290 3806
5291 3809
5292 3816
5294 429
5295 3845
5296 752
5298 3854
5299 3855
5300 3857
5301 1892
5302 1796
5303 3866
5304 2853
5305 461
5306 3877
5307 2417
5308 1842
5309 3890
5310 3892
5311 3899
5312 3901
5313 3904
5314 3905
5315 3912
5316 3922
5317 3923
5318 3930
5319 817
5320 3933
5321 1436
5322 1146
5323 3944
5324 551
5325 3952
5326 3964
5327 3965
5328 2021
5330 3969
5331 73
5332 3973
5333 665
5334 918
5335 3980
5336 142
5337 378
5338 4000
5339 4002
5340 1273
5341 4010
5342 2107
5343 4012
5344 2199
5345 4018
5346 3615
5347 4020
5348 4025
5349 4027
5350 1876
5351 4052
5352 4043
5353 4044
5354 730
5355 1082
5356 4054
5357 1790
5358 4055
5360 3400
5361 1242
5362 4073
5363 4076
5364 4077
5365 4085
5366 4104
5367 543
5368 4106
5369 1398
5370 3214
5371 2444
5372 4112
5373 4113
5374 4114
5375 846
5376 2750
5377 86
5378 1546
5379 4126
5380 3308
5381 4133
5382 2092
5383 352
5384 4143
5385 3203
5386 4157
5387 4159
5388 4164
5389 1350
5390 1225
5391 4176
5392 1253
5393 4192
5395 3236
5396 4209
5397 4215
5399 4217
5400 90
5401 836
5402 4219
5403 816
5405 3395
5406 4224
5407 4226
5408 577
5409 4241
5410 1226
5411 4242
5412 4244
5413 4246
5414 2905
5415 1648
5416 4248
5417 4249
5418 4251
5419 2743
5420 2814
5421 4253
5422 2269
5423 4254
5424 1763
5425 4267
5426 2814
5427 4200
5428 2857
5429 1105
5430 1769
5432 4297
5433 238
5434 4301
5435 4302
5436 4304
5437 4310
5438 4312
5439 4323
5440 4324
5441 4330
5442 165
5443 2910
5444 4380
5445 4367
5446 4368
5447 4373
5448 4374
5449 4385
5450 4387
5451 1968
5452 4396
5453 4401
5454 1180
5455 4406
5456 1840
5457 1613
5458 4420
5459 4426
5460 166
5461 1986
5462 2058
5464 1523
5465 579
5466 1278
5467 2047
5468 2928
5469 4462
5470 4465
5471 4471
5472 4483
5473 939
5474 155
5475 4494
5476 92
5477 642
5478 4509
5479 150
5480 513
5481 712
5482 664
5483 4523
5484 4527
5485 4533
5486 4535
5487 4534
5488 2006
5489 4542
5490 4543
5491 505
5492 4548
5493 4549
5494 4550
5495 4561
5496 4571
5497 4575
5498 1914
5499 4594
5500 2875
5501 2982
5502 1154
5503 4610
5504 2336
5505 4612
5506 4621
5507 1812
5508 507
5509 1821
5510 1498
5511 1314
5512 1322
5513 8
5514 1766
5515 2978
5516 4640
5517 4643
5518 4651
5519 4652
5520 4654
5521 4656
5522 467
5523 798
5524 4681
5525 2644
5526 4715
5527 4719
5528 2234
5529 1045
5530 4733
5531 4751
5532 4764
5533 4767
5534 985
5535 2490
5536 4792
5537 30
5538 4798
5539 4808
5540 4813
5541 2706
5543 1613
5544 191
5545 757
5546 4841
5547 4843
5548 2761
5549 4848
5550 2517
5551 4851
5552 4852
5553 4864
5554 4872
5555 317
5556 4877
5557 2152
5558 4887
5559 1578
5560 4895
5561 3587
5562 4906
5563 4908
5564 1869
5565 4932
5566 4935
5568 52
5569 1921
5570 331
5572 1389
5573 4958
5574 2996
5576 811
5577 4608
5578 4983
5579 4984
5581 4987
5582 2790
5583 2800
5584 4989
5585 4993
5586 5000
5587 2099
5588 5003
5589 4456
5590 5013
5591 2834
5592 5016
5593 1479
5594 5017
5595 2347
5596 5024
5597 2136
5598 5047
5599 5054
5600 5059
5601 5063
5602 5064
5603 5065
5604 5072
5605 5076
5606 1251
5607 1497
5608 2996
5609 1791
5610 1578
5611 2070
5612 5117
5613 5112
5614 193
5615 5116
5616 5118
5617 165
5618 805
5620 1259
5621 2878
5622 165
5623 5153
5625 2273
5626 121
5627 5165
5628 3181
5629 4562
5630 3195
5631 360
5632 2833
5633 2393
5634 5176
5636 1652
5637 873
5638 5200
5639 252
5640 5206
5641 2059
5643 5218
5644 5228
5645 5229
5646 5242
5647 1326
5648 5250
5649 5175
5650 5263
5651 5264
5652 5271
5654 2407
5655 1543
5657 5280
5658 195
5659 5290
5660 3125
5661 5293
5662 779
5663 5295
5664 5298
5665 3752
5666 5302
5667 5306
5668 5308
5669 689
5670 5315
5671 5317
5672 5321
5673 5332
5674 1559
5675 5339
5676 5346
5677 5348
5678 5349
5679 1035
5681 2106
5682 5354
5684 2330
5685 5367
5686 5370
5687 355
5688 5374
5689 1722
5691 1837
5692 5386
5693 3052
5694 5389
5695 1394
5696 5394
5697 5030
5698 5402
5700 5407
5701 5345
5702 1998
5703 2820
5704 5424
5705 5449
5706 5450
5707 205
5708 5467
5709 1576
5710 1462
5711 5474
5712 5483
5713 5484
5714 5485
5715 5487
5716 5490
5717 5495
5718 5197
5719 5497
5720 2325
5721 5502
5722 2955
5723 5506
5724 807
5725 634
5726 5517
5727 5521
5728 5525
5729 5528
5730 5531
5731 2801
5732 1231
5733 5535
5734 1583
5735 5546
5736 5551
5737 5193
5738 5569
5739 5570
5740 2151
5741 5579
5742 2096
5743 3875
5744 5592
5745 5593
5746 2247
5747 630
5748 519
5749 24
5750 5610
5751 2480
5752 1054
5753 5615
5754 5619
5755 1468
5756 5627
5757 999
5758 2710
5759 5645
5760 5520
5761 2142
5762 425
5763 5648
5764 5652
5765 183
5766 3369
5767 665
5768 2480
5769 5671
5770 3051
5771 5678
5772 5680
5773 603
5774 2051
5776 1753
5777 5709
5778 5715
5779 5721
5780 5722
5782 5734
5783 5737
5784 2411
5785 2669
5786 5745
5787 5748
5788 5749
5789 1633
5790 5756
5791 6477
5792 2996
5793 5789
5794 5790
5795 3040
5796 2751
5797 1733
5798 2592
5799 5815
5800 1818
5801 166
5802 3231
5803 2850
5804 5827
5805 5842
5806 5845
5807 18
5808 1590
5809 2979
5810 5855
5811 5858
5812 5486
5813 5862
5814 5421
5815 5871
5816 5877
5817 5879
5819 5887
5821 5896
5822 1474
5823 971
5824 1285
5825 5902
5826 5903
5827 2402
5828 3196
5829 2163
5830 601
5832 1521
5833 4998
5834 5932
5835 1694
5836 1427
5837 5950
5838 5421
5839 447
5840 5957
5841 390
5842 3554
5843 5968
5844 5970
5845 5421
5846 2554
5847 1682
5848 2532
5849 3228
5851 5995
5852 5999
5854 5710
5855 6011
5856 5399
5857 2786
5858 330
5859 2063
5860 4463
5862 6029
5863 668
5864 2596
5865 6041
5866 506
5867 753
5869 5793
5870 296
5871 6058
5872 6061
5873 2192
5874 6072
5875 6073
5876 6074
5877 405
5878 6081
5879 1219
5880 6089
5881 1405
5882 5588
5883 3513
5884 2747
5885 6092
5886 2571
5887 1047
5888 146
5889 6098
5890 6104
5891 526
5892 6115
5893 1941
5894 6118
5895 6120
5896 583
5897 2582
5898 6127
5899 733
5900 6129
5901 6133
5902 342
5903 6136
5904 1315
5907 6157
5908 2680
5909 6166
5910 4763
5911 2032
5913 855
5914 3727
5915 6179
5916 3359
5917 6186
5918 1734
5919 2036
5920 984
5921 6193
5922 479
5923 6202
5924 6204
5925 6215
5926 1001
5927 6224
5928 1620
5929 6227
5930 3583
5932 6243
5933 6245
5934 478
5935 2649
5936 6252
5937 20
5938 596
5939 2944
5940 6270
5941 6267
5942 5496
5943 1989
5944 1196
5945 2585
5946 6288
5947 4553
5948 6295
5949 417
5950 889
5951 2390
5952 6330
5953 6337
5954 6338
5955 1014
5956 2636
5957 1140
5958 6340
5959 2908
5960 6346
5961 2270
5962 6354
5963 6357
5964 6362
5965 6368
5966 6371
5967 2884
5968 2711
5969 2740
5970 4911
5971 6390
5972 6393
5973 6395
5974 6397
5975 6405
5976 6406
5977 6409
5978 6411
5979 6413
5980 1877
5981 462
5982 6420
5983 1036
5984 2302
5985 6427
5986 2612
5987 1582
5988 465
5989 6442
5990 2129
5991 6450
5992 2509
5993 6455
5994 6460
5995 167
5996 6091
5997 830
5998 23
5999 4130
6000 6480
6001 6489
6002 1754
6003 6492
6004 2349
6005 6494
6006 6500
6007 5246
6008 2566
6009 2141
6010 6513
6011 2
6012 1754
6013 990
6014 2226
6015 246
6016 6520
6017 2787
6018 6523
6019 321
6020 6538
6021 236
6022 3492
6023 1688
6024 6545
6025 5262
6026 6553
6027 4377
6028 233
6029 3209
6030 5496
6031 1607
6032 6577
6033 43
6034 3194
6035 1356
6036 5783
6037 6584
6038 1725
6039 3819
6040 2460
6041 2840
6042 3313
6043 1956
6044 465
6045 6605
6046 2268
6047 217
6048 6613
6049 3962
6050 131
6051 6615
6052 136
6053 6618
6054 6622
6055 358
6056 1929
6057 639
6058 6647
6059 3882
6060 1640
6061 6655
6062 4171
6063 6664
6064 6667
6065 6669
6066 435
6067 224
6068 6672
6069 6675
6070 6679
6071 5061
6073 6696
6074 6626
6075 6702
6076 1594
6077 2309
6078 1418
6079 6708
6081 2338
6082 1373
6083 6730
6084 1379
6085 6733
6087 6731
6088 6734
6089 804
6090 114
6091 3683
6092 6744
6093 2707
6094 5574
6095 6748
6096 383
6097 6752
6098 1055
6099 2776
6100 6756
6101 548
6102 544
6103 6767
6104 6768
6105 1683
6106 6782
6107 1100
6108 1792
6109 6788
6110 116
6111 6791
6112 2358
6113 2097
6114 1409
6115 6798
6116 1430
6117 6804
6118 6656
6119 6824
6120 6825
6121 6827
6122 2659
6123 6835
6124 6845
6125 363
6127 2180
6128 2161
6129 6848
6130 5832
6131 1161
6132 2200
6133 6859
6134 6860
6135 2081
6136 2608
6137 6872
6138 2980
6139 6878
6141 6882
6142 6883
6143 2869
6144 6889
6145 6891
6146 6567
6147 6902
6148 3
6149 2828
6150 1481
6151 6919
6153 6920
6154 2706
6155 1850
6156 2196
6157 6940
6158 1999
6159 2431
6160 1548
6161 1643
6162 6951
6164 6962
6165 59
6166 2427
6167 6973
6168 6996
6169 288
6170 6983
6171 5159
6173 6992
6174 6994
6175 1895
6176 1856
6177 6636
6178 2522
6179 7017
6180 2076
6182 2509
6183 518
6184 1845
6185 3193
6186 7033
6187 7034
6188 7045
6189 1606
6190 7049
6191 7050
6192 1934
6193 2106
6194 2441
6195 7070
6196 7077
6197 7078
6198 7081
6199 7082
6200 3512
6201 7091
6203 1646
6204 7096
6205 754
6206 7098
6207 6384
6208 7102
6209 7103
6211 7110
6212 1164
6213 7114
6214 7117
6215 354
6216 7094
6217 2562
6218 7123
6219 3658
6220 5393
6221 7131
6222 1023
6223 7134
6224 7136
6225 7139
6226 7144
6227 5222
6228 7151
6229 7156
6230 1318
6231 7161
6232 7166
6233 5390
6234 4899
6235 1549
6236 2113
6237 7187
6238 2773
6239 373
6240 808
6242 51
6243 7205
6245 3583
6246 7218
6247 7216
6248 7236
6249 7237
6250 7246
6251 610
6252 2607
6253 7261
6255 147
6256 7271
6257 6222
6258 1015
6259 7286
6260 271
6261 7291
6262 1022
6263 7296
6264 5411
6265 361
6266 7313
6267 594
6268 7319
6269 1741
6270 2864
6271 7331
6273 4963
6274 7332
6275 7334
6277 7341
6278 2934
6279 7357
6280 7360
6281 7370
6282 2891
6283 7374
6284 3231
6285 5010
6286 7390
6287 7395
6288 5163
6289 166
6290 2198
6291 7412
6292 7421
6294 849
6295 7428
6296 381
6297 7435
6298 7444
6299 7454
6300 1212
6301 7474
6302 7476
6303 7480
6304 7481
6305 7482
6306 2509
6307 7491
6308 7507
6309 2222
6310 2448
6311 7526
6312 7529
6313 2456
6314 7534
6316 7540
6317 2496
6318 3271
6320 7549
6321 7562
6322 7566
6324 7596
6325 7606
6326 2545
6327 6591
6328 864
6329 2116
6330 7618
6332 2979
6333 7621
6334 7622
6335 7637
6336 11
6337 3061
6338 3449
6339 37
6340 7663
6341 7665
6342 1380
6344 7669
6345 453
6346 7691
6347 53
6348 7725
6349 2509
6350 2139
6351 7716
6353 7720
6354 4655
6355 7364
6356 5603
6357 7739
6358 482
6359 7471
6360 7740
6361 7743
6363 7746
6364 5730
6365 2822
6366 7754
6367 1149
6368 3231
6369 7772
6370 7779
6372 7788
6373 1300
6374 149
6375 4315
6376 7799
6378 5393
6379 370
6380 2724
6381 704
6382 7811
6383 985
6384 7812
6385 7814
6386 7150
6387 1750
6388 863
6389 1845
6390 3309
6391 7471
6392 3446
6394 7839
6395 7841
6396 2144
6397 1428
6398 428
6399 451
6400 7550
6401 5038
6402 1378
6403 5150
6404 7867
6405 7869
6406 7168
6408 7879
6409 1552
6410 2105
6411 7891
6412 7895
6413 2054
6414 7571
6415 1337
6416 7533
6417 4092
6418 2714
6419 44
6420 893
6421 809
6422 7934
6423 5214
6424 7567
6425 7936
6426 7937
6427 2168
6428 676
6429 7941
6430 263
6431 7365
6432 82
6433 1298
6435 1011
6436 7960
6437 7672
6438 2428
6439 2018
6440 3560
6441 7976
6442 1771
6443 1129
6444 2425
6445 614
6446 477
6447 446
6448 7213
6449 1134
6450 2867
6451 668
6452 559
6453 8007
6454 2008
6455 1636
6456 432
6457 1970
6458 8017
6459 8022
6460 8029
6461 1180
6462 486
6463 1233
6464 8038
6465 2648
6467 8046
6468 2135
6469 8053
6470 1652
6472 8066
6473 8068
6474 8070
6475 515
6476 1596
6477 1201
6478 8081
6479 8086
6480 8087
6481 7833
6482 458
6483 706
6484 8096
6485 8098
6486 7262
6487 3708
6488 1681
6489 8123
6490 7403
6491 3455
6492 1195
6493 887
6494 8137
6495 2562
6496 1203
6497 7447
6498 8142
6499 8145
6500 8146
6501 8148
6503 8155
6504 6685
6505 975
6506 8160
6507 8161
6508 8166
6509 991
6510 8170
6511 2992
6512 8174
6513 2195
6514 8181
6515 7514
6516 8184
6517 1877
6518 122
6519 8189
6520 8194
6521 532
6522 1335
6523 8209
6524 8212
6525 6753
6526 3040
6527 8221
6528 8224
6529 2155
6530 365
6531 8237
6532 1618
6534 6535
6535 8244
6536 8246
6537 8247
6538 708
6539 2556
6540 6211
6541 8259
6542 8260
6543 2827
6544 837
6545 4399
6546 419
6548 8270
6549 7505
6550 595
6551 8274
6552 8276
6553 512
6554 1953
6555 2397
6556 2074
6557 125
6558 8303
6559 8307
6560 8314
6561 8316
6562 2587
6563 2264
6564 8319
6565 5798
6566 8324
6567 8329
6568 8338
6569 4901
6572 2727
6573 1283
6574 1927
6575 2019
6576 2051
6577 8362
6578 8363
6579 7528
6580 1471
6581 8373
6582 1295
6583 2188
6585 1153
6586 8383
6587 8387
6588 1093
6589 974
6590 8400
6591 8036
6592 3993
6593 8405
6594 2276
6595 4048
6597 2844
6598 8416
6599 1144
6600 7542
6602 84
6603 8434
6604 8436
6605 666
6606 3500
6607 466
6608 6894
6609 1536
6610 797
6611 8115
6612 4763
6613 5831
6614 2725
6615 8449
6616 8451
6617 7065
6618 968
6619 2098
6620 23
6621 8454
6622 785
6623 8460
6624 8462
6625 595
6627 8469
6628 7338
6629 764
6631 98
6633 1199
6634 8478
6635 4944
6636 1043
6637 8485
6638 2491
6639 8486
6640 2255
6641 867
6642 1822
6643 8492
6644 3420
6646 1221
6647 2343
6648 2352
6649 2365
6650 723
6652 1735
6653 2442
6654 2466
6655 1983
6656 2420
6657 2499
6658 1247
6659 1537
6661 2655
6662 2681
6664 2767
6665 2542
6666 1788
6667 2813
6668 2100
6670 1712
6671 2939
6672 1406
6673 2952
6674 2970
6675 2976
6676 775
6677 3013
6678 3014
6679 3020
6680 3026
6681 3033
6682 3043
6683 1979
6684 3058
6685 3083
6687 2560
6688 3113
6689 3117
6690 1406
6691 2274
6692 3140
6693 2452
6694 1769
6695 2464
6696 3189
6697 2870
6698 1691
6700 148
6701 3227
6702 1030
6703 3232
6704 3243
6705 2833
6706 3260
6707 3261
6708 3263
6709 3098
6710 3265
6711 3274
6712 2548
6713 3297
6714 3317
6715 1450
6716 2910
6717 2702
6718 2902
6719 1754
6720 3338
6721 3358
6722 1884
6723 3363
6724 3376
6725 1312
6726 1366
6727 3380
6728 3385
6729 3390
6730 3393
6731 3185
6732 3411
6733 3419
6734 1415
6735 3084
6736 3424
6737 3432
6739 3433
6740 3461
6741 3464
6743 1077
6744 1671
6745 756
6746 3484
6748 3504
6749 3507
6751 172
6752 3516
6753 135
6754 960
6755 3535
6756 3537
6757 3548
6758 3305
6759 2090
6760 564
6761 3355
6762 254
6763 2429
6764 3589
6765 3407
6766 399
6767 3600
6768 3608
6769 2359
6770 3621
6771 99
6772 2983
6773 3628
6775 499
6776 158
6777 3184
6778 1913
6779 1701
6780 2843
6781 2478
6782 2335
6783 3132
6784 3688
6785 3690
6786 3692
6787 3161
6788 919
6789 1738
6790 602
6791 2791
6792 3714
6793 716
6794 1429
6795 3717
6796 3718
6797 3728
6798 2055
6799 3757
6800 1534
6802 3764
6805 2988
6806 2843
6807 3770
6808 3772
6809 3774
6810 3773
6811 3775
6812 3781
6813 2944
6814 2590
6815 1
6816 1702
6817 3792
6818 1996
6819 3799
6820 3802
6821 3807
6822 23
6823 3812
6824 3820
6825 3823
6826 3830
6827 3509
6828 3074
6829 3841
6830 3527
6831 3846
6832 2867
6833 3851
6835 1432
6836 3856
6837 3859
6838 3861
6839 1485
6840 3870
6841 3873
6842 3872
6843 285
6844 1002
6845 3884
6846 3886
6847 1137
6848 2219
6849 3911
6850 2422
6851 1835
6853 3934
6854 3939
6855 611
6857 3946
6858 3950
6859 3979
6860 3955
6861 3956
6862 3960
6863 3966
6864 3967
6866 3970
6867 711
6869 1915
6870 1160
6871 3475
6872 2736
6873 4014
6874 155
6875 4022
6876 1270
6877 2832
6878 2505
6879 4028
6880 1560
6881 4031
6882 3853
6883 4039
6884 350
6885 4050
6886 4051
6887 2172
6888 4026
6889 4070
6890 4072
6891 283
6892 4074
6893 4079
6894 2520
6895 2996
6896 4084
6897 2777
6898 1557
6899 3015
6900 2673
6901 3356
6902 4103
6903 4105
6904 4108
6905 224
6906 4117
6907 4120
6909 4129
6910 4131
6911 1510
6912 4138
6914 4147
6915 731
6916 4154
6917 1447
6918 1359
6919 1127
6920 2162
6921 2927
6922 4170
6924 4189
6925 2595
6927 966
6928 2485
6929 4195
6930 4199
6931 4198
6932 4205
6933 4212
6934 1071
6935 4218
6936 2946
6937 734
6939 4231
6940 4234
6941 4238
6942 4240
6943 4243
6944 4245
6946 4141
6947 2118
6948 856
6949 4264
6950 3536
6951 4266
6953 4271
6954 1461
6955 2068
6956 28
6957 4292
6958 2318
6959 4295
6960 1533
6961 1555
6962 4303
6964 1882
6965 2327
6966 580
6967 4325
6968 3502
6969 4332
6970 3047
6971 4338
6972 4340
6973 1045
6974 4350
6975 4358
6976 4359
6977 4360
6978 2531
6979 1018
6980 376
6981 4366
6982 784
6983 4382
6984 3489
6985 1412
6986 4398
6987 2980
6988 4405
6989 1823
6990 4409
6991 1056
6992 369
6993 4422
6994 1213
6995 4425
6996 4429
6997 4434
6998 2706
7001 1736
7002 2295
7003 1128
7004 4443
7005 3101
7006 4452
7007 4459
7008 540
7009 1152
7010 4476
7011 2779
7012 4478
7013 1807
7014 3166
7015 3046
7016 4487
7017 4491
7018 4492
7019 215
7020 4508
7021 4516
7022 279
7023 479
7024 2766
7025 2919
7026 2890
7027 4536
7028 4294
7029 4541
7030 2704
7031 165
7032 4551
7033 171
7034 75
7035 4555
7036 4556
7037 4574
7038 4577
7039 3496
7040 3226
7041 2871
7042 4592
7043 4597
7044 4598
7045 3732
7046 4602
7047 4601
7049 1175
7050 2868
7051 4616
7052 1274
7053 4620
7054 4623
7055 1490
7056 525
7057 4627
7058 2402
7059 4634
7060 976
7061 1111
7062 4642
7063 4646
7065 2206
7066 3539
7067 4659
7068 4668
7069 2403
7070 4671
7071 4672
7072 585
7073 1077
7074 4694
7075 4710
7076 4713
7077 4721
7078 2982
7079 680
7080 4735
7081 3587
7082 1449
7083 4760
7084 537
7085 2213
7086 4781
7087 4746
7088 312
7089 4785
7090 1578
7091 4787
7092 293
7093 883
7095 4801
7096 4802
7097 4806
7098 4833
7099 1900
7100 4838
7103 2845
7104 3080
7105 4857
7106 4862
7107 1532
7108 4869
7109 4868
7110 1754
7111 4874
7112 3560
7113 4882
7114 2635
7115 4896
7116 1711
7118 4920
7120 2364
7121 4955
7122 166
7123 236
7124 1593
7125 4959
7126 146
7127 4980
7128 515
7129 1119
7130 4995
7131 5008
7132 5023
7133 2906
7134 5031
7135 5041
7136 5048
7137 2569
7138 5050
7140 5067
7141 5071
7142 422
7143 5081
7144 951
7145 262
7146 2841
7147 5090
7148 5092
7149 2197
7150 3344
7151 5130
7152 5133
7153 2123
7154 5143
7155 51
7156 5154
7158 5160
7159 5161
7160 5164
7161 5169
7162 3047
7163 5177
7164 4657
7165 1540
7166 5195
7167 5201
7168 5209
7169 3560
7171 5231
7172 1715
7174 2506
7175 2145
7176 5260
7177 5265
7178 5266
7179 5274
7180 5246
7181 5278
7182 5283
7183 5284
7184 2083
7185 5294
7186 2555
7187 5304
7188 5305
7189 76
7190 5316
7191 5331
7192 5347
7193 5350
7194 5358
7195 1130
7196 79
7197 3047
7198 3166
7199 5369
7200 2387
7201 1365
7202 1579
7203 2986
7204 2202
7205 1370
7206 2237
7207 1685
7208 2230
7209 5413
7210 5414
7211 1943
7212 2294
7213 5436
7214 5437
7215 527
7216 40
7217 3683
7218 2503
7219 932
7220 88
7221 5465
7222 5482
7223 2368
7224 684
7225 5498
7226 123
7228 5509
7229 5516
7230 1977
7231 1074
7232 5543
7233 1570
7235 1757
7237 5567
7238 2430
7239 5576
7241 1194
7242 1778
7243 5595
7245 785
7246 1529
7247 117
7248 5572
7249 1866
7250 5622
7251 5626
7252 2907
7253 5628
7254 5633
7255 5641
7256 2270
7257 5650
7258 5651
7259 533
7260 1664
7261 5655
7262 1211
7263 5661
7264 1280
7265 647
7266 675
7267 275
7268 269
7269 5687
7273 417
7274 1492
7275 2610
7276 5703
7277 5677
7279 5712
7280 1400
7281 5716
7282 5719
7283 5577
7284 5738
7285 5739
7286 5744
7287 561
7288 5752
7289 2165
7290 327
7292 5760
7294 2211
7295 5766
7296 5773
7297 609
7298 3042
7299 1301
7300 5780
7301 5782
7302 5787
7303 5795
7304 2216
7305 5799
7306 5800
7307 5813
7308 1862
7309 698
7311 5820
7312 2753
7313 5821
7314 5825
7315 5826
7316 5830
7317 2474
7318 5848
7319 5854
7320 5857
7321 2984
7322 1435
7323 214
7324 5881
7325 5884
7326 944
7327 1975
7328 3167
7329 2112
7331 5915
7332 49
7333 5058
7334 5923
7335 5926
7336 995
7337 3769
7338 5929
7339 2417
7340 5935
7341 3060
7342 5433
7343 5946
7344 5951
7345 5954
7346 1578
7347 1921
7348 1078
7349 5962
7350 964
7351 6004
7352 5973
7353 2480
7354 2553
7355 5980
7356 5985
7357 5998
7358 6001
7359 6002
7360 5471
7361 2914
7362 6013
7363 65
7364 1902
7365 3153
7366 677
7367 2101
7368 1970
7369 6033
7370 6036
7371 6037
7372 2282
7373 6042
7374 570
7376 6046
7377 6051
7378 6052
7379 6057
7380 6059
7381 980
7382 6071
7383 6079
7385 843
7386 6090
7387 2550
7388 2125
7389 1057
7390 6097
7391 6101
7392 6103
7393 6111
7394 6110
7395 3151
7396 446
7397 2878
7398 6121
7399 6135
7400 6137
7401 6142
7402 2497
7403 604
7404 6148
7405 5
7406 6154
7407 1160
7409 5232
7410 6159
7411 2666
7412 6176
7413 6178
7414 848
7416 6185
7417 6187
7418 6188
7420 5926
7421 3120
7422 6196
7423 950
7424 1019
7425 2013
7426 6210
7427 938
7428 2816
7429 6219
7430 1809
7431 2206
7432 6226
7433 783
7434 1934
7435 6231
7436 6235
7437 6239
7438 1750
7439 287
7440 5246
7441 6262
7442 2308
7443 6268
7444 707
7445 2501
7446 1799
7447 6275
7448 3819
7449 6283
7450 2910
7451 282
7452 2462
7453 1361
7454 1591
7455 5943
7456 6299
7457 6302
7458 6305
7459 3194
7460 2519
7461 6312
7462 6314
7463 6317
7464 6321
7465 1716
7466 6324
7467 2859
7468 2193
7469 344
7470 6329
7471 6332
7472 294
7473 1321
7474 5241
7475 1616
7476 1388
7477 6355
7478 812
7479 6363
7480 6367
7481 1268
7482 1261
7483 6375
7485 6381
7486 6388
7487 1291
7488 744
7489 2488
7490 6391
7491 2039
7492 1429
7493 524
7494 6403
7495 6300
7496 6416
7497 6419
7498 1035
7499 6430
7500 1214
7501 6432
7502 6437
7503 6445
7504 6446
7505 6457
7506 213
7507 6462
7508 1197
7509 1103
7510 5104
7511 6470
7512 6472
7513 6091
7514 1442
7516 6484
7517 6486
7518 6490
7520 2251
7521 1069
7522 6495
7523 6091
7524 3133
7525 6498
7526 6505
7527 515
7528 6510
7529 31
7530 1349
7531 3021
7532 1335
7533 930
7534 6537
7535 516
7536 6542
7537 6549
7538 6550
7539 5232
7540 6556
7541 5245
7542 6557
7543 6559
7544 3748
7545 2010
7546 6569
7547 6572
7548 1754
7549 6579
7550 1334
7551 6586
7552 3215
7553 6588
7555 64
7556 5958
7557 2312
7558 1565
7560 6616
7561 6617
7562 4982
7563 6624
7564 6630
7565 6638
7566 6640
7567 6644
7568 6645
7569 6646
7570 5554
7571 2796
7572 3301
7573 2482
7574 452
7575 753
7576 1125
7577 1013
7579 6682
7580 1005
7581 2996
7582 6689
7583 4660
7584 6709
7585 6711
7586 6713
7587 6721
7588 6725
7589 6724
7590 5508
7591 6735
7592 6740
7593 2980
7595 2173
7596 6635
7597 1172
7598 6755
7599 1940
7600 6764
7601 6769
7602 6774
7603 627
7604 6783
7605 2721
7606 6790
7607 683
7608 6802
7609 3101
7610 6810
7611 6811
7612 6823
7613 6826
7614 6828
7615 6831
7616 6838
7617 1031
7618 1182
7620 6853
7621 2854
7622 2808
7623 2390
7624 3069
7625 6880
7626 3499
7627 5135
7628 1520
7629 656
7630 2285
7632 6948
7633 6933
7634 1107
7635 747
7636 6943
7637 5458
7638 94
7639 6950
7640 1240
7641 3560
7642 3631
7643 2904
7644 6967
7645 882
7646 6971
7647 595
7648 3350
7649 1700
7650 990
7651 1204
7652 6984
7653 6988
7654 2968
7655 5452
7656 2754
7657 7024
7658 2171
7659 1250
7660 7030
7661 1705
7662 7036
7663 1157
7664 7041
7665 2445
7666 559
7667 2356
7668 7066
7669 291
7670 2788
7671 940
7672 3962
7673 1754
7674 7080
7675 7083
7676 2833
7677 4588
7678 7093
7679 478
7680 5698
7681 3163
7682 5892
7683 7100
7684 7106
7685 7108
7686 7111
7688 1046
7689 7116
7690 5617
7691 7128
7692 2729
7693 7140
7694 2517
7695 7142
7696 3173
7697 1672
7698 7147
7699 5454
7700 1320
7701 7172
7702 2708
7703 7173
7704 7174
7705 7177
7706 7178
7707 7190
7708 58
7709 310
7710 2695
7711 4583
7712 7201
7713 7203
7714 3256
7715 1091
7717 3056
7718 2156
7720 995
7721 7241
7722 1446
7723 7086
7724 1833
7725 468
7726 1695
7727 7274
7728 7282
7729 5236
7730 7303
7731 1854
7732 1267
7734 6716
7735 7326
7736 197
7737 7336
7738 7342
7739 7343
7740 324
7742 674
7743 7368
7744 7369
7745 5860
7746 7378
7747 2051
7748 7383
7749 7398
7750 5055
7751 7411
7752 7414
7753 7423
7754 5664
7755 2351
7756 1454
7757 568
7758 4377
7759 1425
7760 7460
7761 1120
7762 1138
7763 7371
7764 7499
7765 1982
7766 7511
7767 5276
7768 7522
7769 290
7770 2541
7771 7186
7772 7530
7773 6589
7774 7532
7776 7541
7777 7543
7778 7547
7779 7561
7780 2130
7782 534
7783 7591
7784 7593
7785 7603
7786 7607
7787 7610
7789 7169
7790 3137
7791 227
7792 7623
7793 3145
7794 7629
7795 5860
7796 1166
7797 483
7798 87
7799 7640
7801 3068
7802 501
7803 900
7804 2649
7805 2770
7806 899
7807 678
7808 5755
7809 7671
7810 359
7811 177
7812 7695
7813 7696
7814 7701
7815 1717
7816 1218
7817 7706
7818 1581
7819 7719
7820 438
7821 7729
7822 7730
7823 7731
7824 7733
7825 7735
7826 2649
7827 7738
7829 1085
7830 5232
7831 7747
7832 1716
7833 7750
7834 4732
7835 1704
7836 514
7837 1394
7838 1992
7840 7786
7841 7791
7842 7795
7843 7800
7844 7808
7845 7504
7846 2416
7847 738
7849 2617
7850 7487
7851 7831
7852 3016
7853 5720
7854 7840
7855 7844
7856 7845
7857 599
7858 1459
7859 7850
7860 7853
7861 7854
7862 2580
7863 7872
7864 15
7865 5603
7866 7886
7867 7889
7868 6636
7869 7896
7870 7897
7871 7898
7872 7899
7873 7903
7874 7911
7875 1010
7876 833
7877 3644
7878 7917
7879 7926
7880 7928
7881 7932
7882 7544
7883 1601
7884 7939
7885 7940
7886 1958
7887 7958
7888 3280
7889 1290
7890 7943
7891 2483
7892 2079
7893 7947
7894 2746
7895 7950
7896 2975
7897 7965
7898 1562
7899 1099
7900 6775
7901 862
7903 1819
7904 5603
7905 1116
7906 7987
7907 7990
7908 2498
7909 5144
7910 7436
7911 7214
7912 8003
7913 8008
7914 1406
7915 5232
7916 8013
7917 8015
7918 1578
7919 7364
7920 1247
7921 789
7922 8024
7923 8031
7924 8033
7925 7361
7926 8035
7927 2650
7928 8037
7929 550
7930 3962
7931 7333
7932 8056
7933 1870
7935 3222
7936 8071
7937 8084
7938 8085
7939 8088
7940 93
7941 7533
7942 8112
7943 8114
7944 218
7945 1145
7946 8122
7947 7573
7948 880
7949 8124
7950 8125
7951 8133
7952 2675
7954 4888
7955 7592
7956 8158
7957 2757
7958 416
7959 3022
7960 8162
7961 1955
7962 8168
7963 8169
7965 6685
7966 8172
7967 1751
7968 1874
7969 3425
7970 8187
7971 73
7972 8188
7973 8191
7974 1632
7975 384
7976 3500
7977 8199
7978 407
7979 8200
7980 8208
7981 4392
7982 2668
7983 8215
7984 2558
7985 8083
7986 8227
7987 2867
7988 8232
7990 8240
7991 8245
7992 2733
7993 3619
7994 1008
7995 3514
7996 8252
7997 1474
7998 400
7999 8258
8000 1297
8001 1522
8002 1934
8003 8280
8004 8282
8005 181
8006 8284
8007 2238
8008 8286
8009 8004
8010 7260
8011 7571
8012 8300
8013 8311
8014 8312
8015 8313
8016 1340
8017 8317
8018 5460
8019 8318
8020 1573
8021 5297
8022 8328
8023 8332
8024 1975
8025 3142
8026 8339
8027 5664
8028 473
8029 8346
8030 7458
8031 647
8032 8349
8033 8351
8034 7167
8035 844
8036 8355
8037 633
8038 6594
8039 8357
8040 2088
8041 7442
8042 2223
8043 1131
8044 1889
8045 377
8046 8370
8047 732
8048 1332
8049 8374
8050 8375
8051 8378
8052 1656
8054 8385
8055 8394
8056 8397
8057 944
8058 8406
8059 8409
8060 2088
8061 2247
8062 8418
8063 8424
8064 7164
8065 2577
8066 4884
8067 799
8068 8443
8069 1042
8070 7287
8071 2103
8072 8448
8073 586
8074 6894
8075 8459
8076 43
8077 721
8078 7548
8079 8466
8080 124
8081 3405
8082 928
8083 4768
8084 2091
8085 7594
8086 1923
8087 2342
8088 2346
8089 2297
8090 2370
8091 1331
8092 2379
8093 1802
8096 2306
8097 2627
8098 2643
8099 2664
8100 2677
8102 2457
8104 427
8105 2811
8106 2879
8107 2872
8108 2737
8109 2940
8110 1143
8111 1556
8112 2963
8113 2966
8114 2229
8116 3005
8117 961
8118 3012
8119 491
8122 3048
8123 3067
8124 3095
8125 2128
8126 1887
8127 3099
8128 3108
8129 1417
8130 2980
8131 3119
8132 1763
8133 3147
8134 2706
8135 1196
8136 3158
8138 1262
8139 1199
8140 174
8141 3188
8142 1811
8143 2704
8144 3221
8145 2163
8146 819
8147 2029
8148 1424
8149 3264
8150 3270
8151 3283
8152 2521
8153 1933
8154 1463
8155 3300
8156 1066
8157 2875
8158 573
8159 3167
8160 3335
8161 3336
8163 3132
8164 3354
8165 3361
8166 3388
8167 73
8168 3194
8169 3399
8170 598
8171 2311
8173 925
8174 3434
8176 185
8177 3482
8178 2714
8179 129
8180 3491
8181 3493
8182 1860
8183 3505
8184 2843
8185 3523
8187 3528
8189 3565
8190 3580
8191 3591
8192 436
8193 3592
8194 3596
8195 3597
8196 582
8198 3207
8199 3609
8200 3612
8201 2573
8202 3620
8203 3622
8204 3502
8205 1808
8206 3115
8207 3640
8208 461
8209 132
8210 636
8211 3646
8212 3662
8213 3231
8214 1508
8215 3673
8216 962
8217 914
8218 3680
8219 340
8220 3689
8221 3701
8222 3302
8223 3716
8224 1728
8226 3738
8227 637
8228 3457
8229 835
8230 3754
8231 3755
8232 3758
8233 1365
8234 61
8235 3768
8236 3782
8237 3783
8238 3784
8239 2982
8240 372
8241 3795
8242 3797
8243 2653
8244 3814
8245 3834
8246 2003
8247 3848
8248 3047
8249 937
8250 3276
8251 3852
8252 2969
8253 2812
8254 3868
8255 584
8256 889
8257 3878
8258 3327
8259 1844
8260 3881
8261 3887
8262 1849
8263 2214
8264 3893
8265 2034
8266 1458
8267 3907
8268 3913
8269 3914
8270 3920
8271 595
8272 3921
8273 3924
8274 410
8275 2867
8276 3929
8277 1934
8278 620
8279 1113
8280 2780
8281 3948
8282 3951
8284 1713
8285 3978
8286 3986
8287 3999
8288 60
8289 1578
8290 665
8291 3071
8292 206
8293 3588
8294 3532
8295 4030
8296 3106
8297 4033
8298 3475
8299 2267
8300 2843
8301 4035
8302 4040
8303 4047
8304 719
8305 748
8306 4060
8307 493
8308 4065
8309 386
8310 4066
8311 4067
8312 4068
8314 4082
8315 4083
8316 520
8317 2793
8318 4095
8319 379
8320 995
8321 4107
8322 4127
8324 3526
8325 4119
8327 4122
8328 1061
8329 4137
8330 250
8331 4140
8332 3079
8333 2996
8334 4148
8335 1938
8336 4151
8337 4158
8338 4163
8339 4166
8341 4172
8342 4175
8343 1217
8344 987
8345 4179
8346 1554
8347 176
8348 4184
8349 1865
8350 4187
8352 1502
8353 3414
8354 4196
8355 1909
8356 1260
8357 2367
8359 4213
8360 4216
8361 3172
8362 2897
8363 4230
8364 4247
8366 1779
8367 4255
8368 1145
8369 1324
8370 4258
8371 4259
8372 4260
8373 1069
8374 870
8375 4273
8376 1385
8377 1783
8378 4279
8379 4284
8380 2006
8381 2310
8383 3340
8384 922
8385 2246
8386 3197
8387 4309
8388 4314
8390 2224
8391 4356
8392 3046
8393 1814
8394 3573
8395 4351
8396 1585
8397 2472
8398 4353
8399 1734
8400 3136
8401 4372
8402 3379
8403 4388
8404 295
8405 4390
8406 655
8407 4400
8408 3240
8409 3159
8410 1122
8411 4433
8412 4437
8413 2719
8414 4439
8415 4445
8416 4447
8417 182
8419 4454
8421 4468
8422 3644
8423 4470
8424 1140
8425 480
8426 4474
8427 78
8428 4481
8429 2989
8430 3030
8431 4484
8432 4485
8433 4489
8434 1814
8435 574
8436 4498
8437 1025
8438 3172
8439 4510
8440 4512
8441 4514
8442 1146
8443 1484
8444 505
8445 1046
8446 1970
8447 4528
8448 2588
8449 2080
8450 1477
8451 1578
8452 4544
8453 1877
8454 161
8455 1473
8456 4201
8457 151
8458 3065
8459 2880
8460 4565
8461 4563
8462 4566
8463 4567
8464 4576
8465 4585
8466 2558
8468 4593
8469 192
8470 4604
8471 618
8472 1507
8473 765
8475 2988
8476 1146
8477 4639
8478 4641
8480 1102
8481 4645
8482 2461
8483 1034
8484 4663
8485 4662
8486 4664
8487 281
8488 4669
8489 4670
8490 4680
8491 3330
8492 4691
8493 358
8494 4707
8495 4704
8496 4705
8498 625
8499 1498
8500 4731
8501 1341
8502 4745
8503 3618
8504 1399
8505 4755
8506 854
8507 4765
8508 4773
8509 4780
8510 4783
8511 4788
8512 3021
8513 4815
8514 2227
8515 4830
8516 4834
8517 502
8518 2490
8520 4878
8522 2118
8523 4892
8524 441
8525 51
8526 4904
8527 4913
8528 4915
8529 1636
8530 4922
8531 224
8532 1588
8533 4933
8534 323
8535 1582
8536 2795
8537 2481
8538 4953
8539 1949
8540 4954
8541 4611
8542 4971
8543 725
8544 4992
8545 5009
8546 3231
8547 21
8548 4626
8549 1413
8550 2241
8551 2701
8552 2647
8553 1744
8554 5068
8555 2375
8556 679
8557 5073
8558 5075
8559 5086
8560 250
8561 5083
8562 5088
8564 5096
8565 1655
8566 593
8567 5100
8568 1686
8570 5120
8571 1527
8572 165
8573 5128
8574 1316
8575 319
8577 1369
8578 5156
8579 5167
8580 3340
8581 327
8582 5179
8584 5184
8585 5187
8586 5189
8587 5194
8588 5203
8589 5204
8590 5211
8592 5226
8593 1207
8594 972
8595 5233
8596 1896
8597 5249
8598 5252
8599 2848
8600 886
8601 1614
8603 5281
8604 5286
8605 1401
8607 2146
8608 767
8609 2838
8611 5318
8612 5329
8614 5337
8615 3560
8616 5359
8617 5364
8619 180
8621 5404
8622 2061
8623 5438
8624 5439
8625 5446
8626 35
8627 5451
8628 5459
8629 2611
8630 3495
8631 1256
8632 5470
8633 5472
8634 5475
8635 5481
8636 5500
8637 5511
8638 1220
8639 5526
8640 1266
8641 4588
8642 2818
8643 5549
8644 5550
8645 755
8646 2057
8647 2745
8648 5566
8649 5572
8650 5583
8651 2405
8652 137
8653 5586
8654 1048
8656 5590
8657 3560
8658 1275
8659 5604
8660 4521
8661 792
8662 5611
8663 165
8664 1000
8665 5618
8666 5620
8667 1724
8668 5638
8669 5640
8670 5642
8671 1704
8672 420
8673 5659
8674 5131
8675 4588
8676 5682
8678 5684
8679 5689
8680 3676
8681 1503
8682 5705
8683 5706
8684 5708
8685 5714
8687 5717
8689 2510
8690 1113
8692 1112
8693 782
8694 2838
8695 5753
8696 5764
8697 531
8698 5775
8699 93
8700 5781
8701 5784
8702 1891
8703 1542
8705 3618
8706 3167
8708 2633
8709 1628
8710 5817
8711 5824
8712 5828
8713 437
8714 5844
8716 5852
8717 2598
8718 5433
8719 5856
8720 3560
8721 5104
8722 5863
8723 5865
8724 560
8725 5880
8726 2402
8727 1803
8728 5895
8729 2868
8730 5898
8731 5899
8733 5901
8734 5907
8735 2260
8736 2320
8737 2839
8738 2694
8739 5925
8740 5927
8741 5928
8742 2240
8743 1077
8744 1239
8745 1352
8746 5944
8747 5963
8748 4724
8749 5967
8750 5976
8751 2506
8752 1865
8753 5990
8754 5993
8755 2110
8756 5232
8758 275
8759 6007
8760 5667
8761 959
8762 6016
8763 6019
8764 6020
8765 5607
8766 6022
8767 5776
8768 6024
8769 6027
8770 6028
8771 515
8772 6035
8773 2249
8774 1762
8775 6053
8776 6056
8777 6060
8778 1158
8779 3525
8780 6075
8781 3115
8782 6083
8783 6084
8784 1041
8785 2894
8786 6094
8787 1592
8788 6096
8789 3391
8790 1147
8791 84
8792 2121
8793 2640
8794 1003
8795 434
8796 6113
8797 2225
8798 3542
8799 6119
8800 6125
8801 6132
8802 2731
8803 6139
8804 223
8805 590
8806 6156
8807 6170
8808 588
8809 1771
8810 988
8811 6173
8812 615
8813 6181
8814 4823
8815 998
8817 6190
8818 42
8820 2654
8821 1174
8822 6201
8823 6208
8824 6212
8825 6213
8826 2836
8827 2348
8828 6233
8829 4687
8830 6234
8831 6240
8832 6244
8833 6251
8835 1291
8836 14
8837 4142
8838 2056
8839 6272
8840 6273
8841 6274
8842 6276
8845 890
8846 2400
8847 6284
8848 2337
8849 6298
8850 6294
8851 2403
8852 6175
8853 3442
8854 6310
8855 6316
8856 4677
8857 6325
8858 709
8860 5232
8861 2395
8863 6336
8864 6347
8865 6353
8866 1295
8867 6356
8868 6358
8869 6360
8870 6369
8871 6370
8872 160
8873 6378
8874 6385
8875 3143
8876 569
8878 1980
8879 6412
8880 1249
8881 690
8882 876
8883 5107
8884 2867
8885 522
8886 874
8887 6431
8888 6434
8889 2163
8890 5324
8891 6452
8892 6466
8893 268
8894 6467
8895 6479
8896 2129
8897 1997
8898 6091
8899 6496
8900 6497
8903 6501
8904 3437
8905 879
8906 286
8907 6512
8909 1193
8910 6518
8911 6519
8912 1941
8913 6524
8914 1344
8915 6530
8916 6536
8917 6541
8918 915
8919 729
8920 6563
8921 6562
8922 6565
8923 1439
8924 6571
8925 2478
8926 6222
8927 6581
8928 371
8929 2919
8930 3563
8931 6592
8932 6593
8933 6596
8934 3255
8935 568
8936 5246
8937 6604
8938 6607
8939 2656
8940 4727
8941 3382
8942 3560
8943 6627
8944 6629
8945 6631
8946 698
8947 433
8948 6648
8949 1903
8950 1311
8951 207
8952 1173
8954 6661
8955 6662
8956 6665
8957 6676
8958 566
8959 6678
8960 6700
8961 3396
8962 6710
8963 6712
8964 2536
8965 2269
8966 3554
8967 1790
8968 2204
8969 6723
8970 5691
8971 6729
8972 2509
8973 934
8974 6732
8975 1653
8976 1420
8977 6741
8979 190
8980 2004
8982 6091
8983 977
8984 5743
8985 5804
8986 6758
8987 6765
8988 6770
8989 6776
8990 6777
8991 490
8992 1402
8993 1692
8995 2216
8996 6805
8997 6806
8998 2038
8999 2354
9000 6819
9001 6830
9004 2781
9005 1193
9006 2899
9007 1380
9008 6850
9009 6849
9010 6858
9011 6862
9012 2176
9013 1577
9014 5504
9015 2410
9016 1086
9017 1146
9018 6866
9019 6867
9020 1475
9022 4743
9023 758
9024 6879
9025 6884
9026 6885
9027 6890
9028 2527
9029 2276
9030 6896
9031 6897
9032 6904
9033 6905
9034 6906
9035 6907
9036 5840
9037 1544
9038 868
9039 2296
9040 6921
9041 6923
9042 6924
9043 63
9044 1835
9045 6930
9046 6931
9047 6932
9048 1535
9049 5094
9050 3054
9051 5987
9052 6970
9053 1113
9054 3560
9055 6991
9056 2957
9057 6995
9058 6998
9059 3003
9060 972
9061 7007
9062 7008
9063 7010
9064 7011
9065 229
9066 1121
9067 102
9068 7019
9069 7020
9070 7021
9071 7023
9072 7028
9073 7053
9074 607
9075 7059
9076 7056
9077 1824
9078 7061
9079 739
9080 1526
9081 5524
9082 326
9083 7069
9084 7073
9085 1264
9086 320
9087 1767
9088 7089
9089 7095
9090 673
9091 7099
9092 1185
9093 7112
9094 3070
9095 1123
9096 1294
9097 5695
9098 2415
9099 7138
9100 7148
9101 6781
9102 7153
9103 7159
9104 3209
9105 1406
9106 983
9107 2324
9108 457
9110 417
9111 1188
9112 7181
9113 7182
9114 238
9117 7196
9118 238
9119 1241
9120 717
9121 7207
9122 7219
9123 1716
9124 7228
9125 7231
9126 6911
9127 7052
9128 2765
9129 7278
9130 6561
9131 7285
9132 7290
9133 7294
9134 7300
9135 110
9136 671
9137 2077
9138 1406
9139 7318
9140 5683
9141 7335
9142 412
9144 5527
9145 2182
9146 2911
9147 7366
9148 7380
9149 3285
9150 2715
9151 7418
9152 7420
9153 1718
9154 1519
9155 7446
9156 1095
9157 1831
9158 7473
9159 7475
9160 5253
9161 4947
9162 7483
9163 7283
9164 7490
9165 7495
9166 7501
9167 6198
9169 202
9170 457
9171 651
9172 1488
9173 658
9174 7471
9175 7570
9176 7574
9177 7578
9178 7585
9179 2670
9180 6535
9181 97
9182 2223
9183 2693
9184 7612
9185 7613
9186 1732
9187 7626
9189 7437
9190 7630
9191 2157
9192 1649
9193 1313
9194 7364
9195 7641
9196 7644
9197 5115
9198 7646
9200 7648
9201 1467
9202 7652
9203 7654
9204 3247
9205 7328
9206 104
9207 484
9208 6380
9209 7660
9210 7666
9211 7668
9212 7670
9213 343
9214 7673
9215 7675
9216 7676
9217 7678
9218 7681
9219 1478
9220 7686
9221 800
9222 7556
9224 1938
9225 2424
9226 7052
9227 1092
9228 772
9229 7462
9230 7571
9232 5644
9233 6222
9234 7753
9235 7381
9236 7769
9237 2759
9238 7778
9239 773
9240 7787
9241 2235
9242 7794
9243 533
9244 5849
9245 2714
9246 841
9247 7823
9248 1408
9249 7825
9250 7828
9251 7834
9252 7855
9253 3225
9255 7870
9256 3417
9257 7235
9259 7881
9260 7865
9261 7887
9262 6633
9263 7337
9264 736
9265 5357
9266 7893
9267 7905
9268 7906
9269 2743
9271 1969
9272 2186
9273 7912
9274 1897
9275 1666
9276 3560
9277 7929
9278 815
9279 3742
9280 7396
9281 5232
9282 7942
9283 1186
9284 1966
9285 5803
9286 7949
9287 4228
9288 832
9289 2338
9290 391
9292 7978
9293 7627
9294 2537
9295 7981
9296 2789
9297 993
9298 1688
9299 7995
9300 7996
9301 1098
9302 5262
9303 1650
9304 8001
9305 1571
9306 8002
9307 1926
9308 613
9309 7544
9310 3962
9311 2890
9312 3644
9313 170
9314 1698
9315 1072
9316 999
9317 8052
9318 1163
9319 2369
9320 40
9321 2210
9322 8061
9323 8064
9324 1486
9326 1376
9327 8069
9328 8073
9329 8079
9330 2256
9331 8082
9332 2175
9333 8090
9334 1317
9335 7404
9336 1642
9338 162
9339 8110
9340 2835
9341 7817
9342 8121
9343 5078
9344 8128
9345 476
9346 4948
9347 314
9348 8139
9349 7129
9350 7038
9351 8152
9352 3289
9353 8153
9354 3069
9355 8154
9356 4943
9357 1719
9358 1144
9360 5192
9361 8176
9362 6091
9363 8177
9364 1515
9365 5860
9366 423
9367 8192
9368 1150
9369 8193
9370 8196
9371 2865
9372 1474
9373 7364
9376 470
9377 3222
9378 7847
9379 157
9380 2567
9381 794
9382 691
9383 8234
9384 7832
9385 8236
9386 1574
9387 1991
9388 2772
9389 7208
9390 1493
9391 2305
9392 2052
9393 8251
9394 7325
9395 7548
9396 8269
9397 669
9398 500
9399 2856
9400 8279
9401 8285
9402 1626
9404 8289
9405 838
9406 8291
9407 2119
9408 8296
9409 8297
9410 2175
9411 140
9412 8315
9413 8333
9414 445
9415 8323
9416 7624
9417 2216
9418 8342
9419 7442
9420 8343
9421 8348
9422 1866
9423 8350
9424 2810
9425 3308
9426 8354
9427 7229
9428 1335
9429 8367
9430 454
9431 565
9432 8384
9434 7447
9435 7901
9436 8389
9437 7664
9438 8392
9439 3319
9440 1836
9441 789
9442 8413
9443 8422
9445 332
9446 8429
9447 1163
9448 959
9449 7430
9450 8445
9451 8447
9452 8450
9453 8452
9454 189
9455 743
9456 2000
9457 901
9458 8457
9459 8461
9460 2233
9461 8463
9462 8464
9463 2026
9464 8477
9465 1604
9466 8483
9467 8484
9468 3708
9470 2281
9471 2314
9472 2334
9473 2049
9474 640
9475 2293
9477 2329
9478 2406
9479 2502
9480 2540
9481 2551
9482 1886
9483 2619
9484 1181
9485 949
9486 2699
9487 953
9488 2774
9490 2917
9491 2936
9492 187
9493 2725
9494 2977
9495 3004
9496 3008
9497 1763
9498 3034
9499 3036
9500 2001
9501 3063
9502 345
9503 1971
9504 3078
9505 1228
9506 1111
9507 1595
9508 3114
9509 2982
9510 3116
9511 1741
9512 3002
9513 3127
9514 3092
9515 3138
9516 2630
9517 3154
9518 3168
9520 3175
9521 3178
9522 3198
9523 3202
9524 1155
9525 3210
9527 3223
9528 1959
9529 3249
9530 3253
9531 3254
9532 3049
9533 2218
9534 1296
9535 3277
9536 2713
9537 3282
9538 2384
9539 3314
9540 9
9541 3334
9542 3337
9543 3343
9544 1952
9545 3352
9547 3353
9548 2935
9549 3364
9550 3371
9551 3372
9552 3401
9553 3423
9554 3426
9555 3239
9556 2727
9558 1873
9559 3444
9560 3463
9561 741
9563 3469
9564 3471
9565 2426
9566 711
9568 3522
9569 1988
9571 3529
9572 3541
9573 3132
9574 3556
9576 1263
9579 3574
9580 763
9581 788
9582 3598
9583 3611
9584 3324
9585 3623
9586 3440
9587 3634
9588 2641
9589 3641
9590 1553
9591 3650
9592 1785
9593 1893
9594 3672
9596 3678
9597 1248
9598 3685
9599 3695
9600 3698
9601 3699
9602 3700
9603 2723
9604 3126
9605 3346
9606 2064
9607 3721
9608 2696
9609 1305
9610 1706
9611 3743
9612 3745
9613 3761
9614 261
9615 3557
9616 1875
9619 2752
9620 3785
9621 3100
9622 3794
9623 3798
9624 47
9625 2910
9627 426
9628 3821
9629 3825
9630 1644
9631 3837
9632 3842
9633 2367
9634 1222
9635 3847
9636 3864
9637 1118
9639 3105
9640 3302
9641 3869
9643 13
9646 3895
9647 948
9648 2873
9649 126
9650 3917
9651 926
9652 3918
9653 47
9654 3927
9655 3931
9656 1216
9657 1407
9658 3961
9659 318
9660 3976
9661 315
9662 3997
9663 4007
9664 385
9665 778
9666 4011
9667 3047
9669 4017
9671 4023
9672 1457
9673 1898
9674 4042
9675 53
9676 4053
9677 4057
9678 2553
9679 1670
9680 1027
9681 2958
9682 4091
9683 543
9684 4096
9685 847
9686 2570
9687 4098
9688 1135
9689 4115
9690 4123
9691 1794
9692 4145
9693 2382
9694 2706
9695 4156
9696 4155
9698 1749
9699 846
9700 2233
9701 4193
9702 1545
9703 2802
9704 1818
9705 3237
9706 2818
9707 4206
9708 3009
9709 360
9711 2849
9712 4233
9713 1964
9714 4252
9715 1092
9716 3166
9717 4256
9719 2405
9720 4269
9721 3090
9722 4270
9723 4272
9724 4274
9725 4275
9726 4280
9727 4281
9728 4285
9729 2401
9730 1386
9731 4291
9732 1516
9733 4331
9734 1348
9735 4262
9736 4348
9737 4352
9738 999
9739 4362
9740 1474
9741 2890
9742 228
9744 1485
9745 4403
9746 3082
9747 4416
9748 4417
9749 4432
9750 4435
9751 2756
9752 4355
9753 4450
9754 1063
9755 241
9756 4461
9757 3396
9758 4473
9759 4493
9760 1629
9761 549
9762 1572
9763 4517
9764 1359
9765 4525
9766 4529
9767 1209
9768 2090
9769 2971
9770 1359
9771 4538
9772 341
9773 2565
9774 2830
9775 4554
9776 4570
9777 4581
9778 3312
9779 2357
9781 2725
9782 2097
9783 4495
9784 4587
9785 4596
9786 4600
9787 1918
9788 4603
9789 4605
9791 1058
9792 4625
9793 4635
9794 4636
9795 870
9796 1383
9797 3651
9798 1852
9799 4665
9800 4673
9801 988
9802 4679
9803 3046
9804 3502
9805 4692
9806 1776
9807 801
9808 1498
9809 4717
9810 4720
9812 4729
9813 4736
9814 4739
9815 4750
9816 4752
9817 1101
9818 4758
9819 4770
9820 4774
9821 4779
9822 4796
9823 4797
9824 417
9825 4805
9826 2904
9827 1771
9828 4810
9829 4809
9830 4812
9831 4816
9832 4820
9833 4825
9834 4826
9835 2861
9836 4197
9837 2245
9838 4836
9839 4846
9840 2845
9841 4849
9842 1260
9843 4859
9844 4866
9845 4876
9846 4881
9847 4827
9848 558
9849 4885
9851 4890
9852 4897
9853 2715
9854 2937
9855 4930
9856 1727
9857 4942
9858 4946
9859 2203
9860 153
9861 4961
9862 4970
9863 4974
9864 3344
9865 606
9866 4991
9867 3329
9868 5014
9869 1329
9870 5022
9871 5032
9872 5037
9873 5040
9874 1517
9875 1184
9876 5074
9877 793
9878 5091
9880 1768
9881 2495
9882 863
9883 757
9884 866
9885 646
9886 5140
9887 5145
9888 243
9889 5166
9890 73
9891 925
9893 1106
9894 5182
9895 5186
9896 535
9897 1333
9898 2480
9899 5030
9900 1704
9901 5219
9902 5224
9903 1961
9904 5238
9905 5259
9906 1070
9907 2266
9908 1496
9909 5310
9911 4782
9912 2093
9913 2183
9914 5356
9915 5371
9916 5376
9917 5377
9918 543
9919 4377
9920 5396
9921 5398
9922 2514
9923 5405
9924 5408
9925 2714
9926 5417
9927 5420
9928 5432
9929 5435
9930 3069
9931 1780
9932 5442
9933 5445
9934 5453
9935 5461
9937 3402
9938 5469
9939 2500
9940 5480
9941 5489
9942 5491
9943 5501
9944 2232
9945 1165
9946 5540
9947 5458
9948 1304
9949 5545
9950 2846
9951 5547
9952 1789
9954 5562
9955 5571
9956 2721
9957 5232
9958 5581
9959 5584
9960 1752
9962 5599
9963 5606
9964 1916
9965 5613
9967 5624
9968 5625
9969 5635
9970 5639
9971 1670
9972 2494
9973 5663
9974 5668
9976 2838
9977 5681
9978 5688
9979 960
9980 3502
9981 5699
9982 1064
9983 2957
9984 115
9985 1645
9986 2866
9987 5732
9988 5733
9989 1474
9990 2886
9991 5741
9992 4748
9993 1180
9994 203
9995 2982
9996 165
9997 2376
9998 5765
9999 2660
10000 384
10001 2898
10003 5256
10004 4335
10005 3545
10006 5819
10007 2657
10008 5834
10009 574
10010 5838
10011 1146
10012 1200
10013 3159
10014 5872
10015 5873
10016 5876
10017 851
10018 4725
10020 554
10021 5893
10022 5894
10023 2841
10024 5421
10025 5920
10026 688
10027 1506
10028 2060
10029 5953
10030 1578
10031 2591
10032 5964
10033 1382
10034 59
10035 1034
10036 2581
10037 5977
10038 4998
10039 1707
10040 5989
10041 2462
10042 5994
10043 404
10044 5996
10045 2731
10046 6003
10047 6008
10048 6018
10049 735
10050 6034
10051 6039
10052 6050
10053 6054
10054 2557
10055 1205
10056 6062
10057 6066
10058 1004
10059 6067
10060 6068
10061 2982
10062 665
10063 6076
10064 6077
10065 685
10066 5533
10067 1855
10068 2174
10069 6085
10070 972
10071 264
10072 2046
10073 1044
10074 2900
10075 6108
10076 1062
10077 5702
10078 6134
10079 6138
10080 6141
10081 6145
10082 6149
10083 958
10084 1462
10085 6155
10086 2440
10087 418
10088 6160
10089 6163
10090 6169
10091 3040
10092 6182
10093 5452
10094 2272
10095 1704
10096 39
10097 3068
10098 6206
10099 791
10100 1051
10102 1901
10104 333
10105 612
10106 89
10108 3331
10109 6253
10110 2725
10111 2261
10112 2959
10113 6255
10114 6258
10116 6264
10117 22
10118 5757
10119 652
10120 6279
10121 366
10122 6286
10123 1623
10124 6293
10125 1529
10126 6297
10127 2818
10128 6301
10129 6313
10130 6315
10131 289
10132 3236
10133 6323
10134 2737
10135 6328
10136 1387
10137 6333
10138 6339
10139 6344
10140 1651
10141 6348
10142 3320
10143 6361
10144 1760
10145 2163
10146 3544
10147 5208
10148 335
10149 6382
10150 3958
10151 6394
10152 3502
10154 3494
10155 6415
10156 4677
10157 3828
10158 3016
10159 6423
10160 2734
10162 1049
10163 396
10164 6435
10165 165
10166 6440
10167 718
10168 6443
10169 6451
10170 6453
10171 5241
10172 6461
10173 5656
10174 186
10175 497
10176 595
10177 288
10178 6485
10180 6487
10181 6488
10182 6491
10183 6502
10184 6503
10185 653
10186 1303
10187 2081
10188 6514
10189 638
10190 1950
10191 6526
10192 6527
10193 2417
10194 1328
10195 478
10196 5061
10197 672
10198 6540
10199 6544
10200 6551
10201 1146
10202 1795
10203 6564
10205 6570
10206 6575
10207 455
10208 6585
10209 492
10210 930
10211 6602
10213 1662
10214 5400
10215 6619
10216 74
10217 6623
10219 2106
10220 1972
10221 44
10222 5477
10223 5508
10224 6653
10225 1828
10226 5508
10227 6666
10229 6673
10230 6687
10232 6705
10233 3244
10234 6718
10237 5421
10238 51
10239 374
10240 2421
10241 6728
10242 2537
10244 1039
10245 479
10246 791
10247 6749
10248 2453
10249 6751
10250 1093
10252 6763
10253 6091
10254 6766
10255 4831
10256 915
10258 6773
10259 6779
10260 3375
10261 3029
10262 1815
10263 777
10264 6794
10265 6800
10266 1215
10268 6803
10269 64
10270 6807
10271 5573
10272 1945
10273 1395
10274 1573
10275 6813
10276 6815
10277 1783
10278 6822
10279 6829
10280 6832
10281 6839
10282 6841
10283 1328
10284 2089
10285 6844
10286 6847
10287 6852
10288 4317
10289 6868
10290 6871
10291 6886
10292 6899
10293 6901
10294 6903
10295 5518
10296 2263
10297 6909
10298 6916
10299 5
10300 2316
10301 2263
10302 1150
10303 2375
10305 2350
10306 6928
10307 595
10308 6934
10309 1180
10310 1974
10311 6942
10312 6944
10313 6945
10314 3572
10315 2082
10316 1253
10317 6952
10319 6960
10320 6965
10321 2133
10322 1615
10323 4677
10324 6976
10325 6977
10326 6978
10327 6981
10328 3003
10329 514
10330 281
10332 3195
10333 7002
10335 297
10337 7015
10338 7016
10339 7018
10340 5831
10341 7037
10342 4870
10343 7051
10344 6935
10345 7060
10347 910
10348 112
10349 7084
10350 7101
10352 7109
10353 2478
10354 7115
10355 7119
10356 1233
10357 7126
10358 7145
10359 281
10360 7149
10361 5554
10362 2593
10363 7157
10364 7165
10365 1122
10366 7175
10367 4766
10368 2783
10369 3179
10371 7206
10372 7226
10373 1810
10374 7242
10375 1142
10376 7265
10377 2414
10378 7267
10379 7279
10380 7280
10382 7289
10383 7302
10384 5513
10385 7305
10386 7308
10387 6842
10388 1113
10389 7321
10390 7323
10391 7329
10392 7330
10393 7327
10394 7354
10395 7359
10396 1060
10397 456
10398 7375
10399 1745
10400 7391
10401 7402
10402 2106
10403 2031
10404 7410
10406 7431
10408 7459
10409 7465
10410 7468
10411 7457
10412 5900
10413 1417
10414 7492
10415 6222
10416 7508
10417 7531
10418 7539
10419 629
10421 7557
10422 2432
10423 7559
10425 7577
10426 7518
10427 7581
10428 7586
10429 2117
10430 7602
10431 1755
10432 7614
10433 1257
10434 7620
10435 7625
10436 2957
10437 7628
10438 7631
10439 7636
10440 7635
10441 16
10442 1832
10443 1730
10444 7651
10445 220
10446 7658
10447 926
10448 2383
10449 7667
10450 7403
10451 2363
10452 7680
10453 412
10454 2177
10455 7688
10456 7690
10457 7692
10458 5537
10459 6474
10460 7717
10461 1800
10462 7722
10463 498
10464 7723
10465 7726
10466 7732
10467 1448
10468 2253
10470 5027
10471 7755
10472 7287
10473 7514
10474 7328
10475 5866
10476 7766
10477 7767
10478 7768
10479 7771
10480 7775
10481 7782
10482 2317
10483 2492
10484 7792
10485 7798
10486 7803
10487 364
10488 7810
10489 7813
10490 6870
10491 7821
10492 7822
10493 7826
10494 1843
10496 3286
10497 724
10498 7838
10499 7842
10501 1443
10502 101
10503 7862
10505 7571
10507 1466
10508 7871
10509 3311
10510 5723
10511 2042
10512 1905
10513 7878
10514 231
10515 2279
10516 7884
10517 74
10518 7907
10520 7919
10521 7920
10522 7921
10523 7533
10524 7924
10525 7925
10526 2821
10527 7930
10529 2725
10530 1759
10531 7554
10532 4588
10533 7944
10534 1029
10535 7956
10536 7957
10537 1167
10538 7966
10539 2290
10540 2809
10541 7979
10542 776
10543 7985
10544 7993
10545 3474
10546 4210
10547 7408
10548 8009
10549 8010
10550 8011
10551 251
10552 8016
10553 3739
10554 2108
10555 8021
10556 1319
10557 8032
10558 8039
10559 7224
10560 8040
10561 7554
10562 8050
10563 8054
10564 1068
10565 682
10566 6082
10567 8047
10568 8076
10569 193
10570 8078
10571 7535
10572 8080
10573 2672
10574 8091
10575 8097
10576 7502
10577 7245
10578 973
10579 1831
10580 5729
10581 2487
10582 8105
10583 8108
10584 8113
10585 2265
10586 1230
10588 2154
10589 115
10590 8126
10591 8129
10592 8134
10593 145
10594 8140
10596 8141
10597 8144
10598 7071
10599 1489
10600 8147
10601 7548
10603 7558
10604 118
10605 7376
10606 1474
10607 6716
10608 7571
10609 3560
10610 3215
10611 4870
10612 2841
10613 6690
10614 8164
10615 1485
10616 7445
10617 3569
10618 7272
10619 8173
10620 2374
10621 6591
10622 1878
10623 562
10624 8180
10625 8182
10626 8183
10627 2513
10628 388
10629 595
10630 1237
10631 1110
10632 6
10633 2458
10634 8206
10635 8207
10638 8223
10640 8226
10641 6091
10642 994
10643 8228
10644 8229
10645 7137
10646 8242
10647 8243
10648 8250
10649 2262
10650 8248
10651 303
10652 1355
10653 1743
10654 224
10655 3687
10656 8264
10657 8268
10658 48
10659 7496
10660 1704
10661 8281
10662 2829
10664 8292
10665 2618
10667 8294
10668 3159
10669 1667
10670 8310
10671 3633
10672 478
10673 5866
10675 4376
10676 1993
10678 8330
10679 850
10680 5171
10681 8341
10682 8345
10683 1934
10684 5443
10685 5900
10686 2703
10687 1246
10688 1111
10690 7458
10691 8366
10692 201
10693 8372
10694 7470
10695 3056
10696 5062
10697 8380
10698 2725
10699 1526
10700 8386
10702 8390
10703 8391
10704 2463
10706 1944
10707 8401
10708 106
10709 308
10710 2103
10711 8364
10712 127
10713 8432
10714 8437
10715 8455
10716 8456
10717 5353
10718 8473
10719 2009
10720 2163
10721 1872
10722 7484
10723 8481
10724 911
10725 8488
10726 77
10727 912
